0,1835
0,629
0,390
1,1567
1,1175
1,274
2,930
2,1052
2,755
3,1645
3,362
3,949
4,1837
4,1164
4,1213
5,319
5,210
5,281
6,786
6,873
6,1140
7,498
7,993
7,730
8,847
8,1513
8,1590
9,177
9,1549
9,35
10,1422
10,410
10,74
11,1170
11,570
11,1139
12,1472
12,685
12,791
13,1138
13,1677
13,1857
14,103
14,114
14,1580
15,773
15,198
15,1474
16,480
16,1166
16,1585
17,662
17,839
17,61
18,1794
18,26
18,869
19,728
19,1845
19,935
20,1698
20,274
20,472
21,993
21,833
21,1422
22,839
22,941
22,492
23,1179
23,1672
23,1719
24,932
24,1146
24,7
25,748
25,1178
25,1705
26,1813
26,1959
26,395
27,957
27,1047
27,1297
28,1717
28,1886
28,916
29,395
29,673
29,603
30,466
30,269
30,6
31,1328
31,881
31,1446
32,1464
32,69
32,1907
33,861
33,1338
33,1516
34,38
34,1721
34,316
35,494
35,380
35,1319
36,793
36,244
36,932
37,1904
37,1037
37,31
38,633
38,1035
38,1297
39,79
39,1181
39,82
40,1518
40,962
40,1689
41,1213
41,360
41,779
42,1166
42,1654
42,806
43,296
43,662
43,847
44,763
44,787
44,1015
45,750
45,890
45,247
46,176
46,1137
46,963
47,441
47,1358
47,639
48,1868
48,1991
48,244
49,1354
49,469
49,1235
50,1439
50,1205
50,1477
51,321
51,308
51,620
52,1563
52,42
52,1120
53,555
53,904
53,1304
54,1928
54,114
54,1615
55,872
55,405
55,1040
56,310
56,1362
56,1793
57,351
57,523
57,1459
58,1923
58,1973
58,1479
59,1556
59,1845
59,890
60,1591
60,1739
60,1026
61,1126
61,518
61,1489
62,1845
62,162
62,85
63,1059
63,1074
63,989
64,1606
64,1860
64,603
65,232
65,1832
65,1705
66,726
66,1766
66,89
67,78
67,1590
67,500
68,1587
68,558
68,651
69,1277
69,558
69,1886
70,700
70,1297
70,669
71,614
71,1923
71,1714
72,1788
72,1603
72,1069
73,513
73,1032
73,910
74,539
74,901
74,494
75,1108
75,1786
75,860
76,274
76,1596
76,635
77,1842
77,1696
77,205
78,1592
78,469
78,410
79,288
79,756
79,1928
80,1198
80,644
80,296
81,1477
81,47
81,571
82,786
82,730
82,1537
83,1024
83,972
83,1686
84,583
84,1464
84,1674
85,149
85,1089
85,1787
86,252
86,941
86,854
87,1069
87,1653
87,1246
88,1081
88,857
88,740
89,1354
89,987
89,1497
90,440
90,1267
90,244
91,1497
91,565
91,1530
92,436
92,0
92,773
93,0
93,1522
93,1595
94,549
94,1924
94,985
95,1114
95,1439
95,100
96,552
96,1777
96,1845
97,1935
97,1332
97,1129
98,1297
98,1165
98,1857
99,181
99,1984
99,1404
100,584
100,1118
100,629
101,622
101,42
101,1928
102,1211
102,806
102,79
103,1590
103,1349
103,565
104,1364
104,1577
104,28
105,496
105,165
105,1516
106,1638
106,947
106,1657
107,1109
107,17
107,1484
108,1394
108,96
108,314
109,1861
109,1003
109,941
110,306
110,875
110,267
111,625
111,750
111,1166
112,793
112,1659
112,1680
113,924
113,1176
113,518
114,274
114,1986
114,1793
115,267
115,1857
115,457
116,1201
116,1462
116,926
117,1297
117,577
117,1484
118,765
118,467
118,1654
119,1768
119,244
119,1597
120,1464
120,580
120,1672
121,1998
121,850
121,1
122,1514
122,603
122,1655
123,1844
123,87
123,1223
124,1186
124,1758
124,1045
125,1411
125,890
125,679
126,422
126,1834
126,1354
127,1213
127,303
127,1859
128,1015
128,192
128,1164
129,26
129,830
129,1793
130,79
130,1556
130,1322
131,1342
131,1994
131,948
132,328
132,931
132,1285
133,1821
133,1352
133,1653
134,785
134,796
134,884
135,1720
135,942
135,603
136,1690
136,1000
136,1071
137,1216
137,1135
137,251
138,1139
138,536
138,1412
139,1705
139,288
139,1148
140,1833
140,1989
140,659
141,58
141,740
141,1378
142,1951
142,1995
142,594
143,405
143,987
143,136
144,810
144,1029
144,188
145,1621
145,590
145,141
146,1532
146,1480
146,1566
147,1240
147,930
147,1275
148,1845
148,472
148,1315
149,512
149,688
149,1090
150,518
150,498
150,575
151,1214
151,1599
151,1221
152,1025
152,1093
152,1831
153,274
153,121
153,1071
154,472
154,1568
154,1172
155,824
155,436
155,6
156,894
156,242
156,793
157,444
157,1582
157,215
158,1452
158,1148
158,1707
159,1547
159,1196
159,1052
160,1008
160,1379
160,1279
161,1728
161,1478
161,1120
162,466
162,683
162,152
163,712
163,1780
163,466
164,1489
164,323
164,524
165,384
165,518
165,1986
166,1949
166,1973
166,847
167,963
167,1971
167,669
168,1938
168,1615
168,1025
169,868
169,185
169,947
170,378
170,46
170,645
171,377
171,1653
171,345
172,708
172,1998
172,1680
173,370
173,1530
173,1065
174,1719
174,1406
174,887
175,1931
175,1012
175,1069
176,1780
176,804
176,933
177,583
177,1597
177,25
178,1886
178,964
178,251
179,1836
179,26
179,197
180,861
180,269
180,1748
181,851
181,8
181,1899
182,165
182,1000
182,1839
183,1316
183,347
183,1411
184,1215
184,422
184,663
185,1439
185,1138
185,354
186,1931
186,536
186,796
187,1551
187,172
187,198
188,1899
188,1886
188,282
189,964
189,1049
189,372
190,315
190,1551
190,466
191,780
191,1876
191,1728
192,796
192,1154
192,603
193,618
193,1331
193,1890
194,463
194,575
194,753
195,904
195,1082
195,808
196,328
196,1820
196,1640
197,743
197,1081
197,903
198,469
198,1118
198,1698
199,7
199,1595
199,310
200,633
200,836
200,1029
201,1739
201,637
201,501
202,343
202,343
202,1338
203,1758
203,819
203,237
204,1085
204,1101
204,1069
205,1093
205,1427
205,1489
206,700
206,116
206,887
207,994
207,1786
207,232
208,1751
208,709
208,1456
209,1387
209,1786
209,1877
210,375
210,1366
210,663
211,644
211,250
211,1215
212,992
212,1751
212,1577
213,1490
213,1500
213,114
214,1117
214,62
214,1000
215,1109
215,272
215,1722
216,314
216,1959
216,1144
217,1545
217,929
217,219
218,1222
218,1100
218,378
219,440
219,1410
219,1464
220,1118
220,1424
220,1391
221,1782
221,1601
221,1285
222,193
222,1762
222,25
223,1168
223,1554
223,603
224,269
224,410
224,688
225,1918
225,314
225,910
226,798
226,1022
226,1794
227,1101
227,1845
227,1195
228,517
228,1390
228,1727
229,1422
229,570
229,896
230,1009
230,1720
230,436
231,1226
231,457
231,663
232,1688
232,1750
232,1951
233,1154
233,377
233,1730
234,580
234,1590
234,979
235,1780
235,1074
235,887
236,123
236,79
236,269
237,690
237,405
237,177
238,1690
238,1719
238,1307
239,1551
239,646
239,1748
240,852
240,1575
240,1559
241,993
241,910
241,1766
242,552
242,865
242,198
243,251
243,1659
243,423
244,1469
244,877
244,806
245,750
245,1464
245,797
246,1880
246,1115
246,756
247,1463
247,1519
247,463
248,469
248,1
248,73
249,417
249,15
249,1
250,622
250,1879
250,1466
251,1566
251,963
251,1481
252,1618
252,710
252,1411
253,123
253,957
253,1934
254,937
254,457
254,1628
255,1672
255,951
255,562
256,562
256,527
256,1513
257,1750
257,1161
257,1733
258,620
258,189
258,1450
259,896
259,775
259,1437
260,501
260,620
260,1923
261,1028
261,390
261,1577
262,1172
262,1662
262,565
263,1802
263,1445
263,567
264,1640
264,437
264,976
265,47
265,9
265,823
266,663
266,1396
266,192
267,378
267,258
267,1092
268,189
268,805
268,128
269,502
269,1634
269,1422
270,567
270,440
270,786
271,1460
271,1986
271,1507
272,957
272,1662
272,296
273,1222
273,1678
273,1667
274,1074
274,1125
274,382
275,878
275,1856
275,1766
276,575
276,848
276,1111
277,57
277,1751
277,694
278,1876
278,189
278,623
279,133
279,1700
279,968
280,806
280,152
280,1345
281,1890
281,866
281,1293
282,219
282,897
282,498
283,620
283,1103
283,57
284,1073
284,26
284,1593
285,103
285,1733
285,99
286,139
286,1152
286,1034
287,342
287,1305
287,986
288,903
288,776
288,1101
289,64
289,1479
289,47
290,1199
290,1596
290,4
291,1574
291,222
291,1930
292,1832
292,644
292,1231
293,994
293,873
293,1400
294,147
294,289
294,1399
295,896
295,1990
295,1152
296,985
296,1700
296,1415
297,758
297,1437
297,37
298,1728
298,154
298,349
299,323
299,178
299,688
300,1304
300,1495
300,675
301,806
301,1422
301,1769
302,1836
302,482
302,247
303,1603
303,619
303,1400
304,1959
304,61
304,1836
305,559
305,1805
305,1496
306,237
306,1705
306,1806
307,133
307,1148
307,1578
308,1598
308,412
308,248
309,1422
309,1554
309,1994
310,860
310,1236
310,1029
311,821
311,622
311,1030
312,709
312,1679
312,1551
313,258
313,275
313,1396
314,1840
314,1974
314,1513
315,594
315,1147
315,1442
316,1161
316,1796
316,969
317,536
317,604
317,1766
318,1533
318,1835
318,1653
319,124
319,1540
319,1668
320,181
320,1680
320,1238
321,1199
321,31
321,1621
322,1794
322,1041
322,1057
323,74
323,532
323,937
324,1502
324,1228
324,1380
325,787
325,862
325,339
326,377
326,1093
326,1864
327,843
327,963
327,1574
328,1640
328,959
328,630
329,423
329,663
329,1676
330,62
330,1053
330,283
331,1776
331,1109
331,565
332,1597
332,1439
332,728
333,893
333,619
333,1400
334,1025
334,1322
334,763
335,532
335,328
335,777
336,201
336,1942
336,286
337,793
337,684
337,249
338,1989
338,152
338,294
339,953
339,1424
339,1101
340,994
340,518
340,1246
341,1612
341,39
341,241
342,591
342,1242
342,1240
343,1149
343,1920
343,515
344,1927
344,1413
344,1241
345,851
345,1439
345,1834
346,1831
346,174
346,1279
347,472
347,1708
347,1962
348,134
348,1686
348,239
349,303
349,469
349,1654
350,648
350,1702
350,1081
351,674
351,910
351,824
352,219
352,273
352,483
353,1062
353,1298
353,1295
354,1004
354,1613
354,219
355,1860
355,1762
355,1071
356,1959
356,314
356,1685
357,1386
357,189
357,855
358,1126
358,544
358,1699
359,387
359,1093
359,1516
360,857
360,847
360,975
361,231
361,1438
361,1409
362,1640
362,1199
362,498
363,1267
363,1317
363,1424
364,1959
364,1797
364,932
365,741
365,423
365,1164
366,1195
366,1657
366,1422
367,201
367,1923
367,699
368,1082
368,1500
368,743
369,1099
369,1389
369,1410
370,1782
370,1297
370,1571
371,1374
371,800
371,964
372,1923
372,1070
372,1387
373,872
373,955
373,237
374,1621
374,1920
374,178
375,1205
375,873
375,1640
376,422
376,1582
376,581
377,1022
377,1147
377,565
378,1597
378,1164
378,165
379,231
379,293
379,1563
380,968
380,1175
380,1464
381,874
381,1426
381,1827
382,1331
382,1782
382,1246
383,74
383,1969
383,1615
384,565
384,1452
384,1698
385,1297
385,26
385,717
386,1612
386,152
386,1583
387,862
387,1510
387,1221
388,1056
388,1058
388,502
389,1315
389,1057
389,583
390,1041
390,1272
390,743
391,1297
391,177
391,830
392,1837
392,851
392,993
393,1345
393,1146
393,1305
394,1283
394,403
394,1403
395,1040
395,558
395,1359
396,0
396,1160
396,1573
397,288
397,518
397,1483
398,1212
398,1140
398,1510
399,1609
399,862
399,917
400,1768
400,623
400,894
401,1452
401,1118
401,47
402,1769
402,653
402,74
403,345
403,796
403,1864
404,1358
404,1606
404,967
405,358
405,1227
405,129
406,1438
406,663
406,1345
407,157
407,812
407,447
408,269
408,306
408,166
409,1719
409,949
409,1243
410,249
410,1238
410,994
411,297
411,1723
411,612
412,726
412,1092
412,750
413,1812
413,1287
413,1328
414,74
414,1335
414,390
415,824
415,157
415,533
416,1345
416,274
416,857
417,438
417,709
417,1136
418,599
418,1310
418,1619
419,114
419,603
419,1321
420,674
420,1950
420,139
421,1549
421,1109
421,118
422,1021
422,1085
422,1115
423,1700
423,46
423,991
424,29
424,1921
424,330
425,1892
425,1817
425,345
426,742
426,64
426,1195
427,1070
427,960
427,570
428,1057
428,1427
428,328
429,1331
429,1597
429,1962
430,565
430,1817
430,192
431,501
431,962
431,1138
432,173
432,742
432,82
433,74
433,906
433,1422
434,429
434,1536
434,395
435,851
435,1106
435,645
436,192
436,523
436,1530
437,269
437,896
437,800
438,323
438,949
438,1253
439,778
439,688
439,100
440,828
440,1728
440,1522
441,1813
441,1768
441,789
442,1057
442,1367
442,274
443,1986
443,1285
443,293
444,1021
444,1551
444,621
445,1456
445,1060
445,1897
446,74
446,1276
446,1974
447,1082
447,1943
447,1521
448,1958
448,213
448,330
449,387
449,1678
449,1583
450,501
450,1093
450,546
451,1989
451,48
451,933
452,731
452,1215
452,74
453,635
453,1857
453,1203
454,281
454,1300
454,1464
455,1845
455,1920
455,1793
456,1222
456,152
456,787
457,1214
457,504
457,300
458,1052
458,895
458,1237
459,1481
459,742
459,565
460,994
460,1706
460,1836
461,152
461,610
461,1662
462,1896
462,649
462,1047
463,1954
463,679
463,47
464,1317
464,1253
464,1437
465,1425
465,157
465,957
466,1099
466,681
466,1003
467,1417
467,662
467,1672
468,773
468,893
468,94
469,500
469,369
469,563
470,211
470,793
470,1982
471,1897
471,765
471,494
472,66
472,786
472,1716
473,993
473,1013
473,171
474,1077
474,464
474,1920
475,23
475,1093
475,1500
476,275
476,1574
476,14
477,1148
477,370
477,970
478,1215
478,1000
478,285
479,785
479,1191
479,41
480,1238
480,1694
480,1501
481,1410
481,1457
481,1401
482,1304
482,362
482,170
483,502
483,1665
483,532
484,14
484,610
484,973
485,415
485,614
485,85
486,1118
486,299
486,1673
487,1082
487,237
487,393
488,1498
488,235
488,47
489,1205
489,182
489,1889
490,201
490,1974
490,1099
491,274
491,1823
491,968
492,796
492,1154
492,1610
493,1101
493,1545
493,1720
494,575
494,962
494,1568
495,1949
495,1805
495,5
496,793
496,1959
496,1759
497,1610
497,786
497,440
498,409
498,1415
498,969
499,1907
499,917
499,1082
500,1052
500,1074
500,1236
501,626
501,535
501,1279
502,330
502,793
502,1305
503,910
503,1199
503,482
504,1173
504,103
504,1239
505,568
505,1659
505,1962
506,117
506,8
506,1148
507,371
507,882
507,1696
508,1582
508,368
508,94
509,1582
509,1931
509,1146
510,31
510,466
510,823
511,1460
511,909
511,984
512,61
512,696
512,833
513,1143
513,1468
513,1562
514,188
514,1986
514,1041
515,1949
515,1786
515,1023
516,1502
516,1199
516,1650
517,619
517,136
517,1399
518,628
518,1118
518,812
519,288
519,568
519,828
520,1671
520,1153
520,0
521,518
521,1236
521,1058
522,395
522,530
522,494
523,1194
523,932
523,1868
524,1992
524,1986
524,1388
525,1585
525,1745
525,963
526,1597
526,878
526,192
527,1775
527,833
527,847
528,1047
528,1905
528,1892
529,1109
529,580
529,985
530,29
530,1766
530,1474
531,1629
531,1571
531,501
532,219
532,1516
532,1035
533,1615
533,1124
533,622
534,752
534,1000
534,1738
535,1632
535,1000
535,860
536,946
536,522
536,491
537,1000
537,1613
537,1566
538,62
538,304
538,1751
539,1928
539,181
539,1424
540,713
540,1013
540,214
541,174
541,1606
541,1775
542,518
542,1629
542,1847
543,709
543,985
543,1262
544,1730
544,1969
544,1659
545,304
545,1315
545,804
546,1886
546,321
546,365
547,1424
547,1163
547,1205
548,473
548,1949
548,1967
549,1633
549,709
549,960
550,1751
550,1328
550,1812
551,275
551,433
551,1385
552,193
552,1082
552,356
553,362
553,785
553,1723
554,1
554,1040
554,1275
555,756
555,1799
555,1318
556,856
556,1892
556,1199
557,896
557,177
557,1115
558,1740
558,1328
558,1345
559,1227
559,617
559,304
560,1138
560,1621
560,1673
561,1629
561,1783
561,579
562,1906
562,97
562,1892
563,1149
563,1687
563,160
564,378
564,644
564,81
565,1597
565,757
565,1679
566,641
566,1124
566,1413
567,787
567,1916
567,1694
568,313
568,777
568,743
569,116
569,79
569,1464
570,1766
570,108
570,1342
571,1736
571,1160
571,79
572,1164
572,1148
572,1366
573,297
573,518
573,1864
574,99
574,1093
574,1661
575,1513
575,637
575,1170
576,422
576,980
576,1583
577,579
577,1727
577,1370
578,659
578,1211
578,1503
579,1601
579,1139
579,994
580,321
580,478
580,685
581,1150
581,230
581,117
582,1568
582,1
582,1439
583,1148
583,1510
583,1513
584,288
584,1480
584,700
585,518
585,382
585,937
586,1107
586,1546
586,1422
587,1949
587,1567
587,431
588,1452
588,1317
588,182
589,1399
589,1069
589,1679
590,610
590,1727
590,900
591,1117
591,502
591,787
592,1685
592,306
592,323
593,1633
593,18
593,163
594,575
594,81
594,1492
595,1516
595,1678
595,1603
596,963
596,741
596,1130
597,241
597,552
597,1283
598,565
598,797
598,1369
599,1689
599,909
599,570
600,1916
600,1331
600,1694
601,1633
601,716
601,623
602,1868
602,233
602,861
603,965
603,519
603,1295
604,103
604,1056
604,1237
605,411
605,1873
605,318
606,617
606,121
606,1938
607,449
607,1428
607,439
608,1539
608,1568
608,1802
609,1865
609,361
609,841
610,966
610,1116
610,377
611,288
611,78
611,1845
612,1877
612,710
612,1855
613,1351
613,645
613,411
614,1657
614,1928
614,273
615,1319
615,1410
615,1028
616,1181
616,1118
616,1085
617,741
617,332
617,6
618,770
618,1662
618,1246
619,109
619,1423
619,1853
620,1071
620,349
620,1512
621,765
621,1621
621,890
622,847
622,1726
622,1414
623,644
623,1834
623,1010
624,14
624,1062
624,1480
625,1149
625,1768
625,1093
626,1686
626,1022
626,1800
627,1719
627,181
627,1315
628,914
628,1424
628,1235
629,332
629,947
629,1811
630,6
630,1645
630,1464
631,734
631,793
631,30
632,1584
632,267
632,632
633,935
633,1089
633,1789
634,288
634,254
634,904
635,256
635,1705
635,123
636,932
636,283
636,1806
637,1638
637,1085
637,1750
638,121
638,518
638,393
639,1279
639,1999
639,202
640,1962
640,1551
640,644
641,1241
641,287
641,128
642,1287
642,727
642,1640
643,1164
643,1161
643,993
644,212
644,527
644,893
645,793
645,560
645,494
646,1338
646,1321
646,869
647,512
647,962
647,614
648,116
648,1698
648,56
649,910
649,824
649,285
650,47
650,241
650,1464
651,231
651,405
651,1951
652,15
652,963
652,824
653,962
653,1970
653,647
654,323
654,1839
654,814
655,396
655,65
655,1587
656,373
656,1223
656,74
657,851
657,1647
657,993
658,291
658,878
658,1792
659,1522
659,1490
659,395
660,752
660,932
660,1732
661,198
661,380
661,1574
662,13
662,1116
662,384
663,1313
663,1794
663,1396
664,489
664,622
664,750
665,1702
665,1223
665,1363
666,637
666,1304
666,1043
667,707
667,603
667,1788
668,1725
668,1319
668,1139
669,1181
669,897
669,1876
670,1413
670,707
670,713
671,1236
671,393
671,785
672,1062
672,694
672,233
673,1786
673,1769
673,411
674,1462
674,1259
674,793
675,1092
675,1008
675,1767
676,1907
676,1673
676,1543
677,82
677,1629
677,1786
678,1241
678,1872
678,1644
679,1686
679,1694
679,1650
680,1330
680,1483
680,1399
681,865
681,29
681,1374
682,552
682,1286
682,325
683,323
683,1694
683,1771
684,793
684,1118
684,518
685,1635
685,1736
685,949
686,1107
686,787
686,1097
687,1491
687,1940
687,269
688,748
688,1223
688,1530
689,692
689,1603
689,192
690,1544
690,804
690,323
691,1225
691,640
691,1969
692,79
692,1211
692,923
693,544
693,1165
693,382
694,1390
694,1903
694,524
695,759
695,1160
695,212
696,824
696,1242
696,1628
697,1022
697,343
697,909
698,1070
698,31
698,1272
699,579
699,1613
699,957
700,133
700,1948
700,1418
701,1527
701,1527
701,423
702,979
702,807
702,288
703,1261
703,58
703,513
704,1640
704,1054
704,846
705,1275
705,532
705,1606
706,1404
706,1987
706,811
707,1892
707,347
707,168
708,286
708,1840
708,808
709,1928
709,425
709,1835
710,1513
710,1522
710,1099
711,433
711,452
711,1166
712,1241
712,1456
712,1881
713,391
713,1480
713,189
714,877
714,1068
714,1736
715,518
715,82
715,1610
716,1959
716,785
716,1899
717,662
717,742
717,800
718,1845
718,873
718,214
719,1794
719,963
719,640
720,377
720,1683
720,1978
721,496
721,1969
721,1688
722,1212
722,648
722,219
723,501
723,1009
723,681
724,3
724,247
724,419
725,1845
725,648
725,1085
726,903
726,409
726,1315
727,751
727,1236
727,1507
728,1155
728,1716
728,1662
729,1550
729,1553
729,1786
730,929
730,500
730,1722
731,244
731,793
731,620
732,809
732,756
732,8
733,274
733,197
733,1776
734,742
734,281
734,220
735,1102
735,964
735,1153
736,1071
736,559
736,244
737,1138
737,1585
737,175
738,117
738,756
738,434
739,756
739,561
739,1678
740,321
740,204
740,1128
741,773
741,995
741,1000
742,8
742,1013
742,343
743,1239
743,1205
743,404
744,441
744,993
744,274
745,1082
745,441
745,1662
746,628
746,1873
746,1427
747,833
747,1040
747,1511
748,1367
748,183
748,1464
749,860
749,1823
749,757
750,1873
750,411
750,274
751,1877
751,748
751,1466
752,1753
752,930
752,1750
753,489
753,878
753,730
754,985
754,81
754,294
755,440
755,1118
755,1618
756,1086
756,1677
756,1655
757,659
757,842
757,1530
758,1340
758,1640
758,853
759,284
759,466
759,910
760,1944
760,1606
760,139
761,1037
761,804
761,549
762,1238
762,893
762,152
763,1928
763,1205
763,594
764,1872
764,66
764,746
765,513
765,60
765,772
766,812
766,614
766,493
767,887
767,1714
767,1227
768,306
768,29
768,288
769,792
769,38
769,1614
770,995
770,1758
770,1
771,256
771,1210
771,1030
772,1437
772,436
772,1853
773,1896
773,910
773,1350
774,1299
774,1962
774,1544
775,699
775,1058
775,1678
776,933
776,188
776,1123
777,752
777,1205
777,410
778,1653
778,399
778,318
779,779
779,1321
779,1694
780,565
780,1845
780,559
781,1460
781,1835
781,1040
782,371
782,1012
782,1273
783,211
783,1613
783,519
784,1840
784,1859
784,910
785,1966
785,1273
785,890
786,1775
786,1456
786,871
787,127
787,121
787,487
788,15
788,142
788,1577
789,1928
789,1776
789,323
790,1574
790,286
790,70
791,1206
791,1521
791,967
792,422
792,370
792,1254
793,1461
793,390
793,893
794,1422
794,293
794,1728
795,966
795,854
795,1629
796,1857
796,405
796,1379
797,1923
797,1805
797,1500
798,1750
798,1581
798,1810
799,1916
799,1192
799,469
800,1653
800,52
800,256
801,188
801,181
801,1178
802,1840
802,1116
802,1166
803,1687
803,1416
803,1310
804,1050
804,750
804,1435
805,1315
805,1149
805,252
806,1460
806,1297
806,1206
807,512
807,1690
807,1574
808,886
808,1314
808,278
809,129
809,422
809,780
810,1148
810,189
810,1780
811,81
811,1187
811,1751
812,1154
812,842
812,1441
813,893
813,754
813,216
814,1621
814,386
814,505
815,577
815,197
815,1845
816,530
816,1225
816,1574
817,1138
817,247
817,466
818,993
818,404
818,483
819,1160
819,355
819,501
820,1417
820,1512
820,1160
821,726
821,620
821,1925
822,393
822,1402
822,550
823,1906
823,1074
823,873
824,1720
824,1143
824,218
825,1556
825,730
825,1865
826,1136
826,637
826,1160
827,1355
827,1897
827,1246
828,1378
828,940
828,692
829,1758
829,411
829,310
830,1629
830,1546
830,1108
831,279
831,953
831,1871
832,1659
832,1662
832,1685
833,1584
833,243
833,763
834,1238
834,1818
834,1839
835,1261
835,1160
835,1728
836,502
836,811
836,726
837,463
837,62
837,1093
838,1786
838,1170
838,872
839,518
839,910
839,1164
840,1072
840,1500
840,1554
841,1610
841,603
841,353
842,567
842,187
842,1794
843,37
843,625
843,384
844,74
844,1316
844,1093
845,730
845,908
845,594
846,860
846,1884
846,1465
847,810
847,906
847,129
848,175
848,1537
848,1797
849,1161
849,858
849,1835
850,1302
850,1152
850,1486
851,1853
851,1181
851,559
852,1297
852,450
852,1826
853,877
853,291
853,749
854,940
854,1597
854,937
855,360
855,947
855,1096
856,1464
856,1213
856,1566
857,1213
857,1998
857,1041
858,349
858,255
858,1240
859,1325
859,765
859,1250
860,1606
860,1597
860,526
861,1172
861,342
861,1275
862,785
862,899
862,1618
863,1830
863,1557
863,1268
864,1839
864,362
864,1857
865,1625
865,74
865,848
866,809
866,1974
866,1118
867,1226
867,1257
867,1515
868,1196
868,946
868,1786
869,963
869,1062
869,643
870,1951
870,467
870,160
871,74
871,1160
871,910
872,567
872,1295
872,55
873,1713
873,152
873,1113
874,1074
874,796
874,1932
875,1455
875,622
875,665
876,945
876,962
876,1452
877,312
877,851
877,390
878,353
878,1621
878,1199
879,1074
879,1771
879,1311
880,938
880,1141
880,1944
881,1159
881,1500
881,263
882,198
882,1872
882,272
883,6
883,919
883,1004
884,1440
884,546
884,498
885,1752
885,923
885,1940
886,1582
886,1512
886,1987
887,1410
887,890
887,1222
888,624
888,1800
888,787
889,1198
889,963
889,1989
890,805
890,1690
890,955
891,663
891,787
891,637
892,1217
892,1783
892,1581
893,1107
893,1901
893,36
894,1490
894,513
894,648
895,1021
895,1022
895,1347
896,1882
896,967
896,1074
897,736
897,780
897,847
898,1701
898,429
898,532
899,323
899,452
899,1332
900,1845
900,1571
900,1199
901,1120
901,1580
901,1606
902,1118
902,109
902,1698
903,1200
903,1832
903,692
904,1840
904,621
904,494
905,61
905,323
905,1200
906,393
906,1948
906,1285
907,62
907,1258
907,421
908,921
908,614
908,1984
909,663
909,1640
909,959
910,1871
910,725
910,6
911,1305
911,1146
911,274
912,1549
912,380
912,1618
913,670
913,1887
913,321
914,237
914,1640
914,1091
915,1911
915,513
915,1022
916,74
916,1058
916,211
917,1460
917,1118
917,492
918,165
918,409
918,62
919,644
919,1199
919,1812
920,1095
920,1092
920,1077
921,1597
921,1127
921,974
922,1062
922,1510
922,373
923,212
923,868
923,824
924,1835
924,278
924,158
925,568
925,560
925,812
926,1934
926,1783
926,316
927,1500
927,212
927,1543
928,785
928,1751
928,221
929,1923
929,477
929,303
930,1
930,1782
930,1618
931,1567
931,679
931,1513
932,288
932,1923
932,1610
933,1695
933,1567
933,152
934,8
934,1645
934,1951
935,308
935,770
935,378
936,1271
936,1713
936,719
937,125
937,780
937,623
938,1085
938,57
938,1938
939,1424
939,1093
939,1107
940,1143
940,1952
940,18
941,1514
941,1949
941,553
942,1331
942,993
942,188
943,1815
943,1997
943,964
944,728
944,727
944,810
945,1294
945,1127
945,1727
946,1544
946,1881
946,1213
947,1857
947,1041
947,1092
948,1989
948,1149
948,332
949,1348
949,793
949,525
950,1564
950,1689
950,1577
951,1025
951,1047
951,452
952,1118
952,1304
952,1693
953,1464
953,836
953,1731
954,1057
954,734
954,1587
955,1608
955,1199
955,431
956,1653
956,74
956,675
957,31
957,1845
957,502
958,1313
958,1085
958,1997
959,1213
959,1689
959,1679
960,1864
960,1034
960,1037
961,1673
961,414
961,1647
962,1851
962,278
962,801
963,809
963,133
963,907
964,1812
964,483
964,1235
965,1948
965,1672
965,669
966,443
966,1358
966,1835
967,922
967,1166
967,256
968,1582
968,1463
968,550
969,1071
969,579
969,18
970,518
970,1554
970,203
971,1158
971,640
971,620
972,1501
972,1899
972,1154
973,79
973,1039
973,1751
974,1972
974,1085
974,603
975,644
975,47
975,1865
976,107
976,821
976,1790
977,237
977,1585
977,1853
978,927
978,1771
978,903
979,1025
979,1901
979,1805
980,26
980,820
980,1201
981,1201
981,1714
981,349
982,785
982,873
982,274
983,1197
983,814
983,713
984,932
984,631
984,1446
985,14
985,1704
985,769
986,1477
986,236
986,1334
987,1962
987,1653
987,1368
988,1857
988,1923
988,991
989,968
989,765
989,1179
990,83
990,1070
990,1713
991,1460
991,590
991,80
992,188
992,1566
992,174
993,1728
993,463
993,1161
994,12
994,1210
994,235
995,1148
995,1940
995,1705
996,171
996,585
996,354
997,399
997,1845
997,353
998,121
998,570
998,619
999,325
999,1554
999,1621
1000,1640
1000,188
1000,1597
1001,750
1001,1331
1001,14
1002,473
1002,992
1002,943
1003,1951
1003,1138
1003,1823
1004,1803
1004,518
1004,1599
1005,994
1005,619
1005,1160
1006,1317
1006,60
1006,562
1007,717
1007,304
1007,502
1008,623
1008,947
1008,1718
1009,222
1009,1217
1009,1124
1010,1928
1010,1100
1010,910
1011,154
1011,245
1011,1047
1012,261
1012,1470
1012,333
1013,1141
1013,1677
1013,360
1014,942
1014,1689
1014,1069
1015,1411
1015,1892
1015,166
1016,1582
1016,516
1016,1064
1017,1939
1017,125
1017,603
1018,967
1018,432
1018,780
1019,1513
1019,325
1019,1676
1020,1152
1020,767
1020,1118
1021,395
1021,1967
1021,734
1022,1516
1022,1109
1022,107
1023,959
1023,1423
1023,1509
1024,973
1024,1181
1024,133
1025,1151
1025,887
1025,1451
1026,390
1026,1575
1026,1664
1027,810
1027,1143
1027,118
1028,1745
1028,274
1028,354
1029,1499
1029,121
1029,274
1030,1118
1030,1215
1030,1928
1031,395
1031,1368
1031,308
1032,1899
1032,405
1032,501
1033,1682
1033,443
1033,1028
1034,522
1034,1516
1034,994
1035,1197
1035,1035
1035,1533
1036,980
1036,1366
1036,1923
1037,1293
1037,558
1037,1025
1038,311
1038,338
1038,1522
1039,1887
1039,1181
1039,1068
1040,1274
1040,1422
1040,395
1041,731
1041,1635
1041,602
1042,734
1042,631
1042,1329
1043,1798
1043,1861
1043,1823
1044,1687
1044,1422
1044,1777
1045,1835
1045,1228
1045,1606
1046,876
1046,1738
1046,1075
1047,107
1047,1515
1047,1082
1048,157
1048,1953
1048,1345
1049,819
1049,708
1049,299
1050,1332
1050,1010
1050,1510
1051,1788
1051,1037
1051,640
1052,623
1052,1978
1052,618
1053,786
1053,1635
1053,88
1054,957
1054,1677
1054,1598
1055,1071
1055,616
1055,1751
1056,1513
1056,1603
1056,1425
1057,1593
1057,117
1057,1930
1058,1492
1058,1390
1058,58
1059,38
1059,1089
1059,692
1060,1439
1060,1563
1060,532
1061,1895
1061,1206
1061,1606
1062,82
1062,473
1062,780
1063,1166
1063,1213
1063,1613
1064,1857
1064,396
1064,89
1065,382
1065,353
1065,734
1066,1315
1066,199
1066,1992
1067,1118
1067,367
1067,250
1068,1283
1068,908
1068,1695
1069,1085
1069,1101
1069,917
1070,1149
1070,757
1070,702
1071,173
1071,283
1071,1602
1072,974
1072,544
1072,93
1073,1059
1073,1009
1073,603
1074,1124
1074,693
1074,503
1075,438
1075,494
1075,1422
1076,716
1076,466
1076,1315
1077,447
1077,1587
1077,750
1078,1876
1078,631
1078,1896
1079,1568
1079,673
1079,978
1080,409
1080,458
1080,959
1081,577
1081,995
1081,1635
1082,1387
1082,962
1082,200
1083,673
1083,126
1083,46
1084,1164
1084,1835
1084,842
1085,964
1085,975
1085,320
1086,1103
1086,1240
1086,1653
1087,165
1087,1490
1087,345
1088,709
1088,1892
1088,1464
1089,1223
1089,1582
1089,23
1090,1118
1090,1481
1090,600
1091,670
1091,1
1091,1513
1092,1700
1092,1777
1092,1575
1093,1166
1093,681
1093,649
1094,1074
1094,1118
1094,1831
1095,1189
1095,12
1095,323
1096,1686
1096,1000
1096,1106
1097,785
1097,1728
1097,424
1098,1185
1098,1015
1098,386
1099,709
1099,1303
1099,1837
1100,8
1100,1201
1100,223
1101,1574
1101,583
1101,1887
1102,1422
1102,1190
1102,640
1103,959
1103,1764
1103,274
1104,1514
1104,1657
1104,107
1105,58
1105,815
1105,663
1106,1328
1106,1904
1106,308
1107,1463
1107,1311
1107,896
1108,1460
1108,1923
1108,467
1109,1731
1109,1073
1109,1940
1110,1032
1110,1618
1110,1422
1111,785
1111,1358
1111,662
1112,854
1112,631
1112,1417
1113,1317
1113,1502
1113,1578
1114,1408
1114,742
1114,171
1115,261
1115,288
1115,1655
1116,48
1116,544
1116,808
1117,235
1117,1148
1117,562
1118,1170
1118,472
1118,620
1119,993
1119,1534
1119,1795
1120,1
1120,1845
1120,1738
1121,1653
1121,1633
1121,6
1122,1462
1122,370
1122,1057
1123,1739
1123,1220
1123,1680
1124,1246
1124,1494
1124,575
1125,165
1125,841
1125,585
1126,614
1126,863
1126,757
1127,1160
1127,473
1127,1136
1128,749
1128,940
1128,836
1129,994
1129,85
1129,244
1130,1606
1130,1107
1130,1069
1131,1760
1131,1021
1131,836
1132,285
1132,847
1132,792
1133,494
1133,1236
1133,570
1134,1764
1134,932
1134,1686
1135,1493
1135,1948
1135,833
1136,99
1136,560
1136,650
1137,1226
1137,1914
1137,873
1138,770
1138,809
1138,673
1139,1199
1139,182
1139,1690
1140,881
1140,1276
1140,1629
1141,963
1141,188
1141,216
1142,910
1142,1590
1142,659
1143,1536
1143,599
1143,1582
1144,1170
1144,1814
1144,1925
1145,895
1145,998
1145,959
1146,955
1146,645
1146,637
1147,1424
1147,417
1147,567
1148,1716
1148,1578
1148,764
1149,803
1149,377
1149,1926
1150,1328
1150,114
1150,1766
1151,1228
1151,1542
1151,1311
1152,496
1152,1877
1152,1851
1153,1766
1153,487
1153,1819
1154,1056
1154,1574
1154,1861
1155,542
1155,181
1155,256
1156,734
1156,79
1156,1793
1157,930
1157,1318
1157,1770
1158,18
1158,423
1158,1311
1159,1199
1159,294
1159,238
1160,612
1160,352
1160,994
1161,1332
1161,1950
1161,1342
1162,1160
1162,1236
1162,1814
1163,1486
1163,1253
1163,957
1164,422
1164,874
1164,1890
1165,256
1165,1896
1165,842
1166,930
1166,105
1166,494
1167,546
1167,940
1167,1072
1168,1192
1168,1881
1168,38
1169,1460
1169,937
1169,500
1170,118
1170,1629
1170,1769
1171,614
1171,12
1171,591
1172,1314
1172,298
1172,187
1173,1583
1173,1161
1173,1358
1174,21
1174,728
1174,444
1175,1342
1175,993
1175,1873
1176,1625
1176,1240
1176,645
1177,630
1177,1739
1177,823
1178,811
1178,1577
1178,1304
1179,1464
1179,1423
1179,614
1180,1103
1180,1962
1180,1566
1181,772
1181,407
1181,1657
1182,1640
1182,1224
1182,1720
1183,692
1183,1315
1183,1091
1184,422
1184,583
1184,107
1185,962
1185,18
1185,323
1186,360
1186,1223
1186,246
1187,390
1187,1064
1187,562
1188,973
1188,579
1188,828
1189,1452
1189,1472
1189,1490
1190,1490
1190,1010
1190,1079
1191,1307
1191,188
1191,910
1192,430
1192,113
1192,1751
1193,603
1193,1496
1193,5
1194,552
1194,883
1194,1370
1195,688
1195,660
1195,385
1196,1209
1196,1483
1196,1452
1197,346
1197,1235
1197,430
1198,1907
1198,1272
1198,107
1199,1554
1199,1574
1199,395
1200,1764
1200,629
1200,909
1201,1325
1201,620
1201,354
1202,621
1202,1463
1202,1484
1203,819
1203,1387
1203,254
1204,1979
1204,1910
1204,793
1205,303
1205,1298
1205,552
1206,224
1206,937
1206,1516
1207,201
1207,930
1207,182
1208,1857
1208,878
1208,616
1209,62
1209,1331
1209,483
1210,1869
1210,836
1210,119
1211,1240
1211,941
1211,769
1212,1464
1212,1397
1212,349
1213,336
1213,1172
1213,1022
1214,1944
1214,82
1214,360
1215,1986
1215,524
1215,599
1216,510
1216,1972
1216,1754
1217,252
1217,1871
1217,1256
1218,1573
1218,175
1218,1463
1219,1768
1219,1967
1219,1758
1220,513
1220,1843
1220,749
1221,38
1221,1286
1221,143
1222,1510
1222,1046
1222,1204
1223,24
1223,1690
1223,518
1224,518
1224,1584
1224,645
1225,1568
1225,25
1225,1335
1226,985
1226,360
1226,804
1227,288
1227,196
1227,1292
1228,1832
1228,1962
1228,808
1229,152
1229,1118
1229,900
1230,1601
1230,1668
1230,1901
1231,1952
1231,293
1231,868
1232,1238
1232,562
1232,1776
1233,121
1233,1490
1233,1284
1234,410
1234,355
1234,793
1235,1057
1235,1708
1235,1424
1236,109
1236,527
1236,1017
1237,1618
1237,694
1237,1238
1238,1239
1238,1297
1238,79
1239,854
1239,1092
1239,355
1240,832
1240,648
1240,748
1241,1998
1241,283
1241,717
1242,1788
1242,429
1242,139
1243,1903
1243,1225
1243,1554
1244,186
1244,64
1244,688
1245,1536
1245,255
1245,220
1246,671
1246,1571
1246,1728
1247,784
1247,1932
1247,513
1248,1568
1248,1928
1248,360
1249,836
1249,1907
1249,489
1250,175
1250,1554
1250,1489
1251,679
1251,1390
1251,1092
1252,1013
1252,860
1252,328
1253,107
1253,50
1253,1575
1254,201
1254,1426
1254,1035
1255,617
1255,890
1255,188
1256,497
1256,567
1256,1776
1257,1303
1257,1426
1257,272
1258,1154
1258,940
1258,314
1259,935
1259,1328
1259,1116
1260,1474
1260,556
1260,1025
1261,993
1261,1195
1261,1462
1262,274
1262,1391
1262,734
1263,1415
1263,1672
1263,663
1264,1702
1264,1662
1264,521
1265,78
1265,541
1265,1400
1266,530
1266,1957
1266,1868
1267,1489
1267,1836
1267,307
1268,29
1268,275
1268,1037
1269,947
1269,1974
1269,1592
1270,94
1270,1699
1270,1331
1271,701
1271,492
1271,1912
1272,227
1272,959
1272,1686
1273,1907
1273,1944
1273,694
1274,787
1274,1807
1274,111
1275,760
1275,593
1275,46
1276,321
1276,1928
1276,1864
1277,1224
1277,1878
1277,293
1278,343
1278,1114
1278,169
1279,1060
1279,604
1279,384
1280,1410
1280,429
1280,1583
1281,1940
1281,1568
1281,1786
1282,1109
1282,25
1282,887
1283,814
1283,688
1283,1907
1284,941
1284,1136
1284,1577
1285,1941
1285,1082
1285,57
1286,274
1286,1028
1286,941
1287,748
1287,1931
1287,1813
1288,1835
1288,1690
1288,596
1289,274
1289,1472
1289,61
1290,1491
1290,1706
1290,1118
1291,518
1291,1047
1291,994
1292,1185
1292,522
1292,1845
1293,935
1293,1668
1293,239
1294,1161
1294,274
1294,1199
1295,696
1295,1738
1295,309
1296,1755
1296,972
1296,1976
1297,1794
1297,819
1297,590
1298,1185
1298,1958
1298,824
1299,966
1299,960
1299,1263
1300,486
1300,1520
1300,663
1301,1022
1301,1012
1301,1490
1302,1107
1302,1457
1302,785
1303,1873
1303,1566
1303,793
1304,1705
1304,1838
1304,1640
1305,644
1305,1328
1305,124
1306,1597
1306,81
1306,959
1307,1645
1307,46
1307,429
1308,395
1308,1464
1308,724
1309,1502
1309,332
1309,1399
1310,1520
1310,295
1310,1554
1311,1164
1311,320
1311,1166
1312,6
1312,343
1312,1857
1313,1640
1313,1199
1313,1573
1314,1096
1314,697
1314,1514
1315,718
1315,1480
1315,299
1316,1252
1316,1226
1316,883
1317,499
1317,192
1317,1139
1318,806
1318,806
1318,1585
1319,496
1319,1052
1319,1832
1320,1890
1320,249
1320,303
1321,1513
1321,167
1321,1601
1322,1237
1322,1168
1322,47
1323,1865
1323,940
1323,651
1324,887
1324,265
1324,746
1325,758
1325,872
1325,395
1326,1255
1326,1198
1326,47
1327,510
1327,549
1327,640
1328,333
1328,1175
1328,1049
1329,1585
1329,1287
1329,1959
1330,1694
1330,241
1330,320
1331,590
1331,160
1331,1662
1332,1120
1332,26
1332,859
1333,1610
1333,308
1333,919
1334,819
1334,942
1334,1171
1335,797
1335,1794
1335,308
1336,1574
1336,1332
1336,28
1337,1069
1337,409
1337,519
1338,1768
1338,1853
1338,141
1339,1786
1339,726
1339,1175
1340,482
1340,824
1340,377
1341,1314
1341,1537
1341,343
1342,42
1342,182
1342,500
1343,833
1343,1015
1343,1541
1344,380
1344,1446
1344,81
1345,1079
1345,1081
1345,1787
1346,994
1346,748
1346,244
1347,814
1347,1030
1347,1907
1348,1181
1348,1931
1348,382
1349,1778
1349,1085
1349,1999
1350,1101
1350,1422
1350,1640
1351,1101
1351,359
1351,552
1352,645
1352,237
1352,1938
1353,916
1353,1776
1353,841
1354,1573
1354,492
1354,1059
1355,855
1355,429
1355,832
1356,910
1356,29
1356,1215
1357,171
1357,888
1357,603
1358,496
1358,863
1358,1003
1359,1563
1359,1345
1359,1904
1360,1885
1360,1897
1360,763
1361,1962
1361,1928
1361,1730
1362,1962
1362,1766
1362,1987
1363,405
1363,1213
1363,1868
1364,959
1364,1041
1364,1709
1365,1698
1365,806
1365,1857
1366,1055
1366,1948
1366,1672
1367,1522
1367,804
1367,986
1368,1321
1368,205
1368,175
1369,1939
1369,1858
1369,1424
1370,61
1370,283
1370,405
1371,603
1371,1814
1371,414
1372,1698
1372,1561
1372,1872
1373,1686
1373,910
1373,993
1374,973
1374,1950
1374,1236
1375,1090
1375,198
1375,536
1376,621
1376,197
1376,323
1377,1391
1377,198
1377,26
1378,1059
1378,1726
1378,633
1379,1941
1379,762
1379,594
1380,79
1380,332
1380,8
1381,1564
1381,1923
1381,192
1382,379
1382,1694
1382,1948
1383,411
1383,252
1383,1380
1384,517
1384,1297
1384,542
1385,1516
1385,1751
1385,614
1386,288
1386,1424
1386,325
1387,1772
1387,1164
1387,993
1388,1093
1388,895
1388,1911
1389,1195
1389,1655
1389,1181
1390,1663
1390,106
1390,118
1391,1613
1391,1678
1391,1335
1392,114
1392,1790
1392,937
1393,1003
1393,212
1393,1892
1394,285
1394,1164
1394,1513
1395,1799
1395,1953
1395,1845
1396,216
1396,567
1396,851
1397,1833
1397,1732
1397,725
1398,1770
1398,855
1398,1561
1399,12
1399,1462
1399,787
1400,726
1400,1939
1400,508
1401,608
1401,968
1401,728
1402,1321
1402,1026
1402,1525
1403,780
1403,1216
1403,770
1404,1238
1404,1994
1404,727
1405,1522
1405,472
1405,670
1406,1500
1406,1240
1406,229
1407,1231
1407,941
1407,1554
1408,1787
1408,809
1408,523
1409,663
1409,457
1409,1835
1410,985
1410,330
1410,422
1411,1195
1411,594
1411,1369
1412,1029
1412,1167
1412,1319
1413,491
1413,947
1413,791
1414,779
1414,1574
1414,39
1415,429
1415,1025
1415,249
1416,473
1416,1213
1416,1786
1417,1037
1417,1378
1417,759
1418,1085
1418,1606
1418,1113
1419,843
1419,1213
1419,933
1420,1443
1420,619
1420,1140
1421,1054
1421,1924
1421,197
1422,315
1422,1736
1422,784
1423,564
1423,1653
1423,1606
1424,1213
1424,1162
1424,118
1425,1618
1425,1388
1425,62
1426,1726
1426,861
1426,1572
1427,1701
1427,1181
1427,524
1428,1160
1428,730
1428,1931
1429,1366
1429,993
1429,513
1430,66
1430,1246
1430,1799
1431,809
1431,1064
1431,935
1432,1751
1432,1640
1432,640
1433,649
1433,1959
1433,1479
1434,646
1434,651
1434,951
1435,1146
1435,1484
1435,1445
1436,575
1436,1522
1436,232
1437,882
1437,1958
1437,410
1438,26
1438,417
1438,742
1439,29
1439,1513
1439,1561
1440,1253
1440,1109
1440,645
1441,1013
1441,1091
1441,491
1442,1275
1442,883
1442,1681
1443,1422
1443,382
1443,743
1444,969
1444,321
1444,1668
1445,804
1445,1839
1445,1862
1446,467
1446,1254
1446,1318
1447,166
1447,448
1447,1139
1448,627
1448,649
1448,1675
1449,496
1449,717
1449,1035
1450,549
1450,220
1450,752
1451,42
1451,669
1451,1672
1452,212
1452,1015
1452,1151
1453,910
1453,537
1453,734
1454,356
1454,1422
1454,13
1455,1678
1455,980
1455,42
1456,748
1456,682
1456,704
1457,255
1457,1537
1457,1148
1458,1892
1458,1225
1458,1272
1459,1148
1459,1216
1459,1629
1460,904
1460,35
1460,965
1461,1239
1461,1789
1461,1049
1462,1161
1462,995
1462,751
1463,396
1463,1396
1463,620
1464,1410
1464,932
1464,1276
1465,428
1465,1092
1465,1225
1466,565
1466,1500
1466,504
1467,1861
1467,941
1467,1193
1468,1959
1468,961
1468,582
1469,1148
1469,297
1469,57
1470,580
1470,1695
1470,932
1471,467
1471,291
1471,1618
1472,1197
1472,901
1472,1272
1473,1684
1473,1459
1473,152
1474,695
1474,469
1474,1033
1475,622
1475,662
1475,1704
1476,467
1476,9
1476,606
1477,247
1477,1837
1477,1989
1478,716
1478,1474
1478,316
1479,1932
1479,1136
1479,662
1480,239
1480,851
1480,321
1481,1045
1481,376
1481,157
1482,1382
1482,464
1482,824
1483,688
1483,1606
1483,343
1484,1522
1484,1025
1484,1803
1485,1957
1485,1970
1485,1160
1486,26
1486,1101
1486,946
1487,1557
1487,1698
1487,722
1488,684
1488,651
1488,603
1489,665
1489,275
1489,564
1490,985
1490,1267
1490,99
1491,1206
1491,599
1491,133
1492,1599
1492,1643
1492,235
1493,1582
1493,1516
1493,1840
1494,1911
1494,941
1494,575
1495,1345
1495,1674
1495,1657
1496,1965
1496,663
1496,1074
1497,927
1497,1582
1497,429
1498,986
1498,1916
1498,440
1499,940
1499,494
1499,332
1500,1512
1500,603
1500,891
1501,1585
1501,656
1501,1887
1502,188
1502,1047
1502,478
1503,1751
1503,1629
1503,1131
1504,963
1504,436
1504,378
1505,1093
1505,978
1505,1077
1506,85
1506,1876
1506,722
1507,1513
1507,191
1507,1961
1508,814
1508,603
1508,162
1509,74
1509,899
1509,1063
1510,811
1510,1877
1510,1224
1511,619
1511,1952
1511,940
1512,1303
1512,610
1512,343
1513,1448
1513,811
1513,325
1514,47
1514,1001
1514,573
1515,1835
1515,1143
1515,1822
1516,297
1516,1644
1516,941
1517,384
1517,1915
1517,1238
1518,1004
1518,100
1518,622
1519,849
1519,1762
1519,1217
1520,391
1520,7
1520,1613
1521,884
1521,809
1521,1285
1522,1422
1522,1880
1522,1990
1523,1653
1523,523
1523,1136
1524,1116
1524,1907
1524,946
1525,279
1525,878
1525,1759
1526,793
1526,804
1526,1181
1527,993
1527,1706
1527,1702
1528,1148
1528,1627
1528,590
1529,1633
1529,910
1529,214
1530,1574
1530,904
1530,1612
1531,669
1531,1313
1531,1112
1532,542
1532,1612
1532,682
1533,1331
1533,938
1533,600
1534,1673
1534,1802
1534,12
1535,197
1535,1640
1535,622
1536,568
1536,1861
1536,395
1537,141
1537,930
1537,1690
1538,930
1538,1211
1538,1396
1539,1950
1539,630
1539,29
1540,1130
1540,99
1540,384
1541,994
1541,118
1541,306
1542,603
1542,1704
1542,961
1543,604
1543,1745
1543,1940
1544,107
1544,200
1544,279
1545,784
1545,1714
1545,413
1546,267
1546,1531
1546,904
1547,1311
1547,1304
1547,1892
1548,971
1548,1161
1548,1536
1549,356
1549,1703
1549,26
1550,501
1550,937
1550,1328
1551,1199
1551,1338
1551,151
1552,854
1552,1702
1552,1091
1553,1772
1553,871
1553,524
1554,1541
1554,1556
1554,878
1555,356
1555,1394
1555,793
1556,690
1556,1168
1556,1303
1557,538
1557,992
1557,167
1558,994
1558,1086
1558,1085
1559,604
1559,1241
1559,620
1560,939
1560,757
1560,628
1561,575
1561,79
1561,501
1562,1560
1562,1989
1562,544
1563,1213
1563,1606
1563,212
1564,806
1564,1544
1564,793
1565,1354
1565,1989
1565,921
1566,1606
1566,1331
1566,785
1567,1085
1567,280
1567,1179
1568,43
1568,165
1568,1342
1569,1948
1569,1216
1569,417
1570,1243
1570,103
1570,1164
1571,603
1571,1172
1571,1210
1572,1698
1572,756
1572,1141
1573,1575
1573,623
1573,232
1574,1162
1574,1012
1574,100
1575,1246
1575,718
1575,921
1576,1363
1576,1516
1576,409
1577,957
1577,1082
1577,286
1578,1072
1578,1179
1578,426
1579,807
1579,1513
1579,560
1580,645
1580,860
1580,949
1581,1941
1581,946
1581,1767
1582,1300
1582,1843
1582,577
1583,635
1583,35
1583,1574
1584,1536
1584,1121
1584,296
1585,78
1585,494
1585,1482
1586,842
1586,694
1586,80
1587,259
1587,1051
1587,1074
1588,58
1588,1490
1588,1037
1589,666
1589,238
1589,1871
1590,1890
1590,1575
1590,1052
1591,992
1591,1571
1591,785
1592,1708
1592,575
1592,964
1593,1726
1593,102
1593,504
1594,469
1594,1876
1594,1179
1595,1050
1595,1702
1595,1285
1596,1767
1596,1090
1596,1940
1597,819
1597,1644
1597,445
1598,1881
1598,1127
1598,192
1599,1788
1599,1004
1599,650
1600,438
1600,1547
1600,1864
1601,283
1601,1897
1601,1974
1602,152
1602,325
1602,760
1603,1022
1603,345
1603,1896
1604,1633
1604,1738
1604,965
1605,220
1605,1149
1605,993
1606,509
1606,1107
1606,311
1607,618
1607,957
1607,860
1608,518
1608,1481
1608,1923
1609,1500
1609,18
1609,1214
1610,1599
1610,1316
1610,1040
1611,1195
1611,603
1611,1751
1612,1286
1612,1118
1612,1653
1613,1460
1613,1629
1613,1082
1614,662
1614,1000
1614,1149
1615,873
1615,1217
1615,1906
1616,1587
1616,354
1616,2
1617,524
1617,1074
1617,941
1618,473
1618,854
1618,1986
1619,995
1619,575
1619,690
1620,647
1620,212
1620,946
1621,1047
1621,301
1621,707
1622,1673
1622,695
1622,1085
1623,1653
1623,1153
1623,1845
1624,139
1624,1435
1624,1115
1625,1893
1625,696
1625,629
1626,1599
1626,1662
1626,513
1627,1489
1627,278
1627,1937
1628,66
1628,99
1628,1775
1629,1161
1629,921
1629,1091
1630,1118
1630,1952
1630,304
1631,1845
1631,417
1631,1332
1632,1864
1632,809
1632,1214
1633,1246
1633,621
1633,364
1634,1609
1634,1401
1634,1395
1635,809
1635,1195
1635,923
1636,732
1636,202
1636,1163
1637,973
1637,1853
1637,1250
1638,1460
1638,1101
1638,1205
1639,1928
1639,14
1639,1751
1640,696
1640,1190
1640,321
1641,1638
1641,116
1641,1578
1642,941
1642,1176
1642,921
1643,1582
1643,431
1643,1093
1644,177
1644,1462
1644,1429
1645,1176
1645,480
1645,673
1646,532
1646,1273
1646,325
1647,382
1647,6
1647,1172
1648,1597
1648,1331
1648,1287
1649,1540
1649,42
1649,1335
1650,166
1650,274
1650,1858
1651,1672
1651,603
1651,1794
1652,445
1652,1653
1652,1736
1653,1680
1653,1928
1653,565
1654,862
1654,1640
1654,1409
1655,1273
1655,871
1655,1574
1656,1738
1656,1966
1656,311
1657,1298
1657,1962
1657,1037
1658,62
1658,1181
1658,81
1659,52
1659,1092
1659,121
1660,1500
1660,864
1660,1604
1661,281
1661,623
1661,633
1662,880
1662,1635
1662,1603
1663,1379
1663,1857
1663,248
1664,1101
1664,1794
1664,1845
1665,267
1665,1510
1665,1744
1666,35
1666,257
1666,1951
1667,449
1667,272
1667,1478
1668,251
1668,1805
1668,939
1669,1500
1669,79
1669,1653
1670,343
1670,998
1670,387
1671,1840
1671,1358
1671,47
1672,620
1672,62
1672,1954
1673,1708
1673,82
1673,1778
1674,932
1674,69
1674,1464
1675,573
1675,469
1675,1794
1676,878
1676,1035
1676,705
1677,750
1677,484
1677,1041
1678,445
1678,1962
1678,1077
1679,1058
1679,1544
1679,1239
1680,550
1680,274
1680,1024
1681,1575
1681,105
1681,1049
1682,1032
1682,957
1682,1052
1683,1845
1683,800
1683,435
1684,230
1684,416
1684,1087
1685,293
1685,545
1685,1939
1686,1056
1686,325
1686,1358
1687,785
1687,189
1687,316
1688,957
1688,360
1688,1619
1689,523
1689,487
1689,527
1690,1547
1690,116
1690,1441
1691,810
1691,1796
1691,238
1692,742
1692,1901
1692,1873
1693,1874
1693,750
1693,1435
1694,272
1694,355
1694,1391
1695,203
1695,662
1695,985
1696,1813
1696,291
1696,1677
1697,1618
1697,1107
1697,281
1698,1941
1698,152
1698,229
1699,1962
1699,1500
1699,410
1700,946
1700,1161
1700,1802
1701,904
1701,1865
1701,321
1702,321
1702,1705
1702,1869
1703,1837
1703,1567
1703,390
1704,1283
1704,118
1704,1920
1705,675
1705,1878
1705,216
1706,1
1706,355
1706,171
1707,1751
1707,1297
1707,1222
1708,272
1708,524
1708,936
1709,1507
1709,1507
1709,905
1710,1368
1710,1150
1710,995
1711,165
1711,960
1711,532
1712,1618
1712,395
1712,374
1713,189
1713,119
1713,464
1714,492
1714,894
1714,382
1715,793
1715,698
1715,535
1716,1770
1716,1464
1716,278
1717,299
1717,1606
1717,575
1718,1843
1718,482
1718,710
1719,991
1719,1678
1719,1480
1720,1605
1720,1923
1720,1091
1721,993
1721,929
1721,1033
1722,740
1722,881
1722,810
1723,117
1723,141
1723,1962
1724,1021
1724,553
1724,103
1725,254
1725,1507
1725,1272
1726,1820
1726,1758
1726,1332
1727,895
1727,1271
1727,1115
1728,203
1728,1318
1728,1906
1729,197
1729,1429
1729,1928
1730,378
1730,1024
1730,1324
1731,454
1731,1690
1731,894
1732,1065
1732,1696
1732,890
1733,803
1733,384
1733,296
1734,1871
1734,379
1734,1074
1735,803
1735,946
1735,1689
1736,878
1736,274
1736,1678
1737,1255
1737,1072
1737,43
1738,353
1738,1151
1738,1417
1739,644
1739,1657
1739,249
1740,1507
1740,1183
1740,1153
1741,1974
1741,1612
1741,424
1742,910
1742,1221
1742,575
1743,1900
1743,733
1743,1255
1744,699
1744,1690
1744,897
1745,306
1745,1213
1745,1887
1746,62
1746,1624
1746,1820
1747,1199
1747,494
1747,42
1748,1655
1748,201
1748,1295
1749,1477
1749,1405
1749,1923
1750,1513
1750,1899
1750,1147
1751,390
1751,621
1751,77
1752,742
1752,1422
1752,211
1753,786
1753,1464
1753,1751
1754,12
1754,1698
1754,1566
1755,325
1755,1087
1755,1692
1756,467
1756,1286
1756,1101
1757,1959
1757,1459
1757,1601
1758,1562
1758,313
1758,288
1759,12
1759,612
1759,621
1760,862
1760,438
1760,1136
1761,395
1761,233
1761,644
1762,1118
1762,1869
1762,1358
1763,1052
1763,1226
1763,527
1764,1172
1764,1986
1764,1131
1765,1092
1765,390
1765,1190
1766,1585
1766,1564
1766,103
1767,690
1767,1171
1767,1904
1768,1388
1768,812
1768,949
1769,1132
1769,1331
1769,1
1770,1345
1770,1520
1770,325
1771,1972
1771,1118
1771,1115
1772,141
1772,1091
1772,935
1773,444
1773,869
1773,1686
1774,1489
1774,1084
1774,1780
1775,1832
1775,1161
1775,739
1776,1530
1776,1923
1776,1694
1777,1995
1777,133
1777,1168
1778,1160
1778,1268
1778,1081
1779,1161
1779,1304
1779,313
1780,789
1780,694
1780,1116
1781,1597
1781,181
1781,1437
1782,1960
1782,1986
1782,346
1783,1690
1783,1782
1783,728
1784,1930
1784,57
1784,662
1785,1606
1785,1281
1785,786
1786,1156
1786,1176
1786,1422
1787,280
1787,1986
1787,1164
1788,1513
1788,1489
1788,1818
1789,965
1789,1793
1789,1657
1790,985
1790,1923
1790,1064
1791,725
1791,618
1791,1328
1792,433
1792,1315
1792,1066
1793,772
1793,1997
1793,1047
1794,1603
1794,1037
1794,1557
1795,431
1795,1295
1795,1866
1796,1441
1796,1164
1796,12
1797,1051
1797,874
1797,1613
1798,1480
1798,1167
1798,1962
1799,413
1799,1554
1799,648
1800,1629
1800,1081
1800,1881
1801,1276
1801,887
1801,1930
1802,957
1802,1727
1802,163
1803,1086
1803,1183
1803,860
1804,1178
1804,1530
1804,1098
1805,1160
1805,1873
1805,283
1806,696
1806,1738
1806,1206
1807,516
1807,772
1807,1836
1808,498
1808,492
1808,728
1809,283
1809,276
1809,1275
1810,1818
1810,1124
1810,1603
1811,1464
1811,1899
1811,825
1812,1575
1812,1710
1812,1074
1813,644
1813,1161
1813,1577
1814,1226
1814,1476
1814,1662
1815,903
1815,494
1815,1901
1816,1853
1816,1518
1816,314
1817,763
1817,470
1817,495
1818,163
1818,1078
1818,1802
1819,1794
1819,269
1819,1240
1820,1566
1820,1207
1820,501
1821,1935
1821,274
1821,1099
1822,1228
1822,1855
1822,1193
1823,286
1823,1705
1823,1053
1824,1248
1824,1166
1824,1707
1825,568
1825,1916
1825,202
1826,1126
1826,371
1826,1928
1827,274
1827,1618
1827,1408
1828,780
1828,1827
1828,129
1829,381
1829,381
1829,1199
1830,1415
1830,985
1830,1571
1831,435
1831,1876
1831,1315
1832,70
1832,297
1832,599
1833,457
1833,487
1833,1106
1834,1267
1834,1500
1834,797
1835,828
1835,1931
1835,1215
1836,485
1836,177
1836,397
1837,541
1837,1618
1837,45
1838,496
1838,894
1838,1079
1839,1342
1839,757
1839,993
1840,1427
1840,390
1840,692
1841,274
1841,1071
1841,631
1842,480
1842,1876
1842,1920
1843,1597
1843,1838
1843,995
1844,979
1844,162
1844,103
1845,816
1845,1374
1845,1904
1846,785
1846,932
1846,1938
1847,1876
1847,359
1847,1728
1848,1916
1848,1526
1848,1951
1849,1597
1849,466
1849,544
1850,1073
1850,133
1850,1483
1851,995
1851,1556
1851,1664
1852,1940
1852,193
1852,1632
1853,473
1853,1679
1853,61
1854,1531
1854,1989
1854,1566
1855,1931
1855,1690
1855,1092
1856,189
1856,1316
1856,121
1857,1486
1857,305
1857,1254
1858,818
1858,1210
1858,877
1859,623
1859,1702
1859,1939
1860,299
1860,46
1860,467
1861,1069
1861,1725
1861,1134
1862,633
1862,1415
1862,707
1863,1081
1863,1687
1863,83
1864,238
1864,1513
1864,887
1865,1645
1865,998
1865,178
1866,1479
1866,259
1866,1582
1867,618
1867,993
1867,1640
1868,1722
1868,1581
1868,219
1869,842
1869,785
1869,1608
1870,1081
1870,1479
1870,1540
1871,626
1871,809
1871,558
1872,610
1872,1260
1872,1718
1873,1721
1873,662
1873,733
1874,1190
1874,883
1874,494
1875,1058
1875,1252
1875,512
1876,1424
1876,730
1876,56
1877,1253
1877,288
1877,348
1878,1319
1878,1417
1878,1481
1879,785
1879,1902
1879,411
1880,3
1880,1760
1880,1241
1881,785
1881,518
1881,1273
1882,1342
1882,1896
1882,1109
1883,1408
1883,919
1883,1645
1884,1813
1884,1928
1884,1164
1885,1910
1885,1998
1885,1124
1886,1930
1886,1022
1886,1072
1887,1118
1887,1892
1887,1659
1888,1396
1888,229
1888,1895
1889,406
1889,758
1889,1422
1890,501
1890,250
1890,1101
1891,129
1891,306
1891,1857
1892,1172
1892,462
1892,1562
1893,1720
1893,1818
1893,61
1894,291
1894,1587
1894,1614
1895,1071
1895,1789
1895,281
1896,769
1896,1724
1896,210
1897,947
1897,259
1897,1077
1898,1582
1898,323
1898,696
1899,1390
1899,796
1899,1181
1900,1571
1900,1860
1900,1805
1901,994
1901,1050
1901,930
1902,6
1902,1150
1902,1903
1903,916
1903,67
1903,1400
1904,1547
1904,549
1904,1513
1905,42
1905,786
1905,90
1906,29
1906,1400
1906,565
1907,593
1907,1369
1907,286
1908,1216
1908,107
1908,1101
1909,1662
1909,564
1909,791
1910,1457
1910,971
1910,575
1911,1546
1911,1210
1911,197
1912,1907
1912,496
1912,828
1913,487
1913,1041
1913,1523
1914,598
1914,1415
1914,35
1915,285
1915,1633
1915,474
1916,717
1916,1148
1916,696
1917,1951
1917,1500
1917,662
1918,281
1918,579
1918,594
1919,933
1919,1721
1919,1721
1920,800
1920,1516
1920,1313
1921,1365
1921,626
1921,1175
1922,942
1922,1085
1922,1248
1923,1243
1923,154
1923,1522
1924,252
1924,935
1924,1653
1925,610
1925,491
1925,1835
1926,1045
1926,197
1926,723
1927,91
1927,171
1927,685
1928,298
1928,1059
1928,1437
1929,1610
1929,1831
1929,375
1930,1139
1930,1769
1930,1780
1931,1873
1931,1618
1931,1424
1932,821
1932,1598
1932,1877
1933,630
1933,860
1933,1597
1934,1293
1934,1786
1934,519
1935,311
1935,1425
1935,565
1936,1881
1936,231
1936,1481
1937,321
1937,1045
1937,730
1938,1892
1938,674
1938,374
1939,1920
1939,1853
1939,987
1940,866
1940,1483
1940,1606
1941,1081
1941,1234
1941,793
1942,152
1942,359
1942,886
1943,473
1943,1310
1943,1705
1944,1345
1944,644
1944,1813
1945,303
1945,986
1945,1577
1946,1645
1946,1678
1946,1668
1947,1877
1947,694
1947,806
1948,623
1948,1424
1948,803
1949,871
1949,1328
1949,1425
1950,670
1950,1640
1950,1213
1951,457
1951,1989
1951,343
1952,355
1952,382
1952,1728
1953,1121
1953,1223
1953,1027
1954,786
1954,188
1954,1461
1955,933
1955,1843
1955,1597
1956,1609
1956,353
1956,322
1957,1408
1957,56
1957,1547
1958,1500
1958,670
1958,1571
1959,23
1959,1234
1959,1845
1960,827
1960,1082
1960,947
1961,626
1961,1640
1961,1150
1962,695
1962,675
1962,1574
1963,705
1963,1132
1963,244
1964,316
1964,362
1964,519
1965,196
1965,390
1965,212
1966,1149
1966,663
1966,1845
1967,1135
1967,785
1967,1585
1968,565
1968,1845
1968,1164
1969,328
1969,663
1969,1410
1970,410
1970,196
1970,64
1971,579
1971,201
1971,1003
1972,518
1972,483
1972,1806
1973,1992
1973,594
1973,1931
1974,940
1974,993
1974,627
1975,1480
1975,1606
1975,532
1976,254
1976,1884
1976,1582
1977,567
1977,647
1977,673
1978,1958
1978,402
1978,651
1979,1574
1979,495
1979,378
1980,647
1980,216
1980,1472
1981,733
1981,1700
1981,1723
1982,695
1982,1103
1982,1474
1983,658
1983,1755
1983,577
1984,1625
1984,919
1984,556
1985,810
1985,1185
1985,310
1986,27
1986,203
1986,1152
1987,1343
1987,1003
1987,1093
1988,1012
1988,720
1988,247
1989,1166
1989,730
1989,1464
1990,1236
1990,478
1990,535
1991,1089
1991,287
1991,1755
1992,411
1992,513
1992,1719
1993,633
1993,890
1993,1603
1994,248
1994,1535
1994,1483
1995,1677
1995,62
1995,941
1996,382
1996,560
1996,1998
1997,1396
1997,1141
1997,1860
1998,780
1998,477
1998,1345
1999,447
1999,311
1999,1786
