0,39
0,6
0,65
0,51
0,89
0,46
0,76
0,76
0,71
0,23
0,11
0,88
0,13
0,28
0,52
1,15
1,16
1,16
1,40
1,17
1,37
1,77
1,21
1,95
1,62
1,82
1,42
1,74
1,85
1,65
2,52
2,79
2,15
2,60
2,34
2,86
2,23
2,13
2,96
2,84
2,47
2,85
2,46
2,56
2,16
3,48
3,49
3,49
3,78
3,7
3,7
3,13
3,65
3,30
3,16
3,82
3,12
3,61
3,44
3,51
4,7
4,17
4,34
4,12
4,78
4,43
4,24
4,65
4,16
4,62
4,56
4,67
4,49
4,49
4,15
5,6
5,38
5,65
5,65
5,65
5,79
5,15
5,95
5,95
5,42
5,52
5,52
5,88
5,62
5,5
6,6
6,11
6,65
6,67
6,49
6,9
6,36
6,33
6,23
6,91
6,92
6,40
6,85
6,32
6,16
7,43
7,65
7,40
7,6
7,6
7,33
7,33
7,8
7,76
7,32
7,86
7,34
7,80
7,94
7,71
8,50
8,91
8,15
8,9
8,83
8,6
8,21
8,45
8,67
8,36
8,46
8,40
8,33
8,32
8,88
9,76
9,58
9,58
9,96
9,96
9,82
9,21
9,65
9,52
9,13
9,16
9,64
9,95
9,92
9,42
10,9
10,9
10,9
10,4
10,76
10,31
10,29
10,81
10,23
10,6
10,67
10,49
10,49
10,17
10,71
11,6
11,6
11,6
11,21
11,64
11,40
11,62
11,11
11,82
11,74
11,99
11,33
11,43
11,46
11,59
12,24
12,50
12,74
12,92
12,86
12,95
12,29
12,33
12,76
12,42
12,9
12,4
12,6
12,61
12,55
13,49
13,24
13,96
13,95
13,80
13,67
13,78
13,43
13,85
13,15
13,38
13,42
13,56
13,6
13,4
14,43
14,43
14,58
14,38
14,76
14,62
14,77
14,46
14,65
14,79
14,28
14,85
14,44
14,15
14,74
15,46
15,46
15,13
15,76
15,76
15,6
15,73
15,73
15,18
15,30
15,55
15,86
15,43
15,77
15,17
16,13
16,13
16,25
16,79
16,86
16,46
16,91
16,78
16,36
16,24
16,33
16,37
16,14
16,84
16,65
17,40
17,40
17,63
17,13
17,23
17,6
17,21
17,15
17,14
17,81
17,96
17,33
17,43
17,83
17,16
18,33
18,76
18,49
18,49
18,71
18,86
18,15
18,64
18,89
18,27
18,40
18,99
18,23
18,6
18,78
19,45
19,6
19,6
19,99
19,39
19,1
19,3
19,80
19,65
19,21
19,87
19,40
19,52
19,36
19,78
20,78
20,12
20,39
20,59
20,15
20,94
20,46
20,46
20,77
20,10
20,52
20,8
20,7
20,95
20,40
21,23
21,37
21,15
21,64
21,90
21,1
21,65
21,19
21,46
21,40
21,6
21,6
21,85
21,71
21,77
22,64
22,40
22,40
22,40
22,21
22,24
22,56
22,81
22,53
22,3
22,95
22,6
22,67
22,38
22,33
23,42
23,86
23,6
23,6
23,15
23,24
23,34
23,31
23,67
23,49
23,7
23,7
23,78
23,33
23,2
24,15
24,88
24,88
24,89
24,34
24,44
24,23
24,1
24,42
24,46
24,59
24,4
24,85
24,64
24,6
25,29
25,56
25,85
25,91
25,52
25,21
25,17
25,37
25,15
25,79
25,86
25,12
25,33
25,98
25,58
26,23
26,9
26,40
26,7
26,49
26,49
26,49
26,49
26,46
26,46
26,46
26,94
26,4
26,33
26,43
27,33
27,63
27,65
27,65
27,99
27,49
27,42
27,16
27,48
27,82
27,91
27,62
27,83
27,4
27,76
28,66
28,33
28,77
28,6
28,6
28,6
28,71
28,43
28,4
28,70
28,45
28,58
28,95
28,79
28,49
29,37
29,95
29,95
29,88
29,87
29,23
29,4
29,4
29,4
29,76
29,6
29,96
29,91
29,24
29,15
30,61
30,6
30,6
30,67
30,78
30,15
30,15
30,92
30,65
30,1
30,24
30,24
30,7
30,52
30,34
31,67
31,5
31,62
31,15
31,15
31,49
31,49
31,85
31,40
31,46
31,46
31,37
31,33
31,92
31,4
32,46
32,20
32,1
32,89
32,62
32,38
32,86
32,11
32,66
32,82
32,75
32,6
32,49
32,49
32,4
33,13
33,49
33,96
33,96
33,40
33,46
33,9
33,41
33,22
33,92
33,28
33,47
33,95
33,42
33,83
34,19
34,47
34,8
34,78
34,21
34,63
34,63
34,6
34,6
34,12
34,95
34,50
34,37
34,65
34,80
35,6
35,24
35,49
35,15
35,15
35,65
35,21
35,21
35,46
35,71
35,16
35,99
35,94
35,43
35,5
36,52
36,9
36,9
36,83
36,67
36,15
36,59
36,4
36,23
36,90
36,78
36,33
36,33
36,43
36,49
37,4
37,89
37,89
37,46
37,45
37,45
37,49
37,16
37,15
37,62
37,80
37,65
37,82
37,36
37,6
38,63
38,33
38,74
38,80
38,6
38,6
38,6
38,78
38,24
38,31
38,40
38,64
38,37
38,46
38,49
39,33
39,33
39,94
39,50
39,23
39,26
39,70
39,91
39,66
39,7
39,56
39,88
39,43
39,43
39,76
40,82
40,82
40,2
40,2
40,96
40,96
40,42
40,42
40,46
40,78
40,37
40,58
40,33
40,45
40,5
41,91
41,80
41,4
41,43
41,52
41,82
41,49
41,61
41,65
41,65
41,65
41,32
41,62
41,6
41,24
42,42
42,86
42,12
42,85
42,91
42,43
42,15
42,13
42,4
42,64
42,88
42,51
42,23
42,65
42,95
43,65
43,24
43,61
43,6
43,82
43,79
43,37
43,81
43,87
43,52
43,18
43,66
43,30
43,9
43,94
44,84
44,78
44,78
44,43
44,15
44,62
44,77
44,40
44,17
44,33
44,33
44,67
44,67
44,81
44,58
45,49
45,67
45,96
45,77
45,8
45,65
45,6
45,4
45,61
45,21
45,5
45,68
45,95
45,16
45,33
46,38
46,71
46,71
46,49
46,49
46,65
46,96
46,47
46,40
46,16
46,94
46,17
46,6
46,32
46,41
47,15
47,8
47,6
47,6
47,6
47,65
47,21
47,21
47,40
47,40
47,9
47,91
47,78
47,39
47,79
48,25
48,74
48,74
48,88
48,91
48,5
48,33
48,33
48,33
48,23
48,3
48,94
48,9
48,65
48,30
49,24
49,63
49,63
49,82
49,36
49,12
49,33
49,37
49,95
49,78
49,80
49,49
49,6
49,65
49,45
50,47
50,77
50,18
50,65
50,14
50,94
50,95
50,95
50,11
50,78
50,34
50,79
50,40
50,89
50,4
51,95
51,95
51,49
51,81
51,81
51,94
51,44
51,67
51,39
51,61
51,43
51,77
51,65
51,33
51,5
52,21
52,21
52,21
52,43
52,43
52,96
52,13
52,40
52,95
52,78
52,94
52,94
52,41
52,16
52,15
53,95
53,24
53,60
53,6
53,6
53,33
53,86
53,79
53,37
53,8
53,38
53,65
53,82
53,15
53,21
54,95
54,73
54,6
54,6
54,48
54,56
54,40
54,31
54,46
54,59
54,89
54,28
54,53
54,64
54,64
55,83
55,71
55,65
55,95
55,40
55,78
55,78
55,3
55,4
55,49
55,49
55,21
55,42
55,9
55,33
56,74
56,65
56,65
56,65
56,15
56,63
56,27
56,60
56,87
56,6
56,6
56,33
56,43
56,17
56,59
57,63
57,13
57,67
57,67
57,77
57,21
57,36
57,65
57,42
57,16
57,6
57,50
57,7
57,87
57,66
58,33
58,6
58,79
58,65
58,83
58,47
58,47
58,24
58,24
58,77
58,50
58,7
58,34
58,23
58,1
59,65
59,65
59,3
59,89
59,49
59,33
59,13
59,82
59,78
59,73
59,85
59,7
59,7
59,43
59,46
60,65
60,71
60,39
60,94
60,94
60,79
60,30
60,96
60,10
60,15
60,15
60,32
60,48
60,49
60,6
61,2
61,11
61,33
61,86
61,37
61,91
61,52
61,49
61,49
61,39
61,21
61,46
61,46
61,46
61,42
62,21
62,9
62,91
62,49
62,49
62,49
62,67
62,38
62,38
62,71
62,89
62,33
62,44
62,94
62,43
63,71
63,65
63,6
63,49
63,33
63,18
63,52
63,28
63,64
63,96
63,43
63,32
63,59
63,37
63,62
64,49
64,49
64,49
64,46
64,43
64,95
64,42
64,6
64,86
64,65
64,11
64,62
64,12
64,78
64,63
65,18
65,5
65,71
65,15
65,56
65,95
65,7
65,33
65,40
65,80
65,86
65,88
65,77
65,13
65,49
66,6
66,67
66,77
66,58
66,91
66,45
66,99
66,96
66,96
66,96
66,71
66,4
66,84
66,22
66,23
67,6
67,6
67,43
67,89
67,93
67,4
67,33
67,95
67,40
67,40
67,1
67,86
67,86
67,49
67,56
68,49
68,49
68,34
68,28
68,15
68,17
68,77
68,77
68,37
68,82
68,30
68,86
68,9
68,71
68,51
69,65
69,65
69,16
69,15
69,82
69,23
69,46
69,24
69,56
69,28
69,52
69,45
69,45
69,96
69,7
70,17
70,46
70,7
70,49
70,85
70,85
70,65
70,65
70,78
70,99
70,95
70,21
70,43
70,56
70,62
71,42
71,15
71,15
71,49
71,45
71,13
71,21
71,29
71,2
71,30
71,91
71,12
71,46
71,4
71,74
72,21
72,21
72,89
72,49
72,49
72,96
72,25
72,43
72,86
72,6
72,94
72,95
72,76
72,50
72,67
73,15
73,25
73,72
73,33
73,49
73,63
73,82
73,5
73,46
73,77
73,85
73,56
73,9
73,71
73,4
74,1
74,9
74,39
74,23
74,14
74,74
74,89
74,17
74,91
74,80
74,95
74,18
74,6
74,7
74,40
75,27
75,0
75,64
75,64
75,9
75,46
75,46
75,46
75,78
75,40
75,77
75,21
75,61
75,81
75,5
76,43
76,0
76,38
76,4
76,90
76,94
76,7
76,23
76,81
76,62
76,65
76,29
76,37
76,11
76,58
77,6
77,6
77,67
77,65
77,65
77,49
77,21
77,21
77,86
77,51
77,56
77,93
77,40
77,88
77,2
78,59
78,59
78,80
78,9
78,37
78,96
78,96
78,82
78,82
78,82
78,90
78,94
78,21
78,24
78,89
79,71
79,58
79,64
79,75
79,56
79,56
79,44
79,44
79,66
79,49
79,74
79,82
79,29
79,50
79,4
80,91
80,78
80,95
80,49
80,49
80,52
80,92
80,65
80,39
80,82
80,4
80,62
80,86
80,32
80,97
81,23
81,85
81,49
81,6
81,33
81,33
81,31
81,3
81,95
81,89
81,96
81,10
81,36
81,36
81,81
82,23
82,23
82,40
82,56
82,43
82,91
82,67
82,86
82,86
82,77
82,88
82,46
82,49
82,95
82,6
83,91
83,40
83,16
83,52
83,52
83,15
83,83
83,83
83,46
83,67
83,76
83,86
83,78
83,62
83,7
84,52
84,74
84,61
84,71
84,71
84,86
84,44
84,14
84,88
84,78
84,58
84,82
84,6
84,6
84,79
85,21
85,64
85,12
85,76
85,15
85,94
85,52
85,85
85,43
85,65
85,90
85,91
85,67
85,31
85,49
86,50
86,11
86,11
86,33
86,80
86,52
86,24
86,6
86,6
86,40
86,96
86,66
86,25
86,25
86,16
87,52
87,81
87,75
87,3
87,31
87,42
87,24
87,33
87,65
87,40
87,32
87,9
87,36
87,39
87,21
88,6
88,36
88,43
88,78
88,91
88,32
88,15
88,15
88,21
88,67
88,67
88,89
88,40
88,46
88,65
89,46
89,6
89,59
89,85
89,85
89,86
89,86
89,86
89,36
89,52
89,79
89,94
89,96
89,44
89,42
90,99
90,65
90,86
90,71
90,32
90,15
90,8
90,8
90,3
90,33
90,50
90,52
90,44
90,21
90,12
91,38
91,86
91,3
91,99
91,17
91,94
91,30
91,30
91,46
91,61
91,9
91,92
91,67
91,40
91,43
92,33
92,85
92,82
92,5
92,94
92,6
92,6
92,95
92,9
92,9
92,15
92,15
92,91
92,86
92,96
93,67
93,37
93,62
93,15
93,49
93,1
93,95
93,96
93,13
93,6
93,19
93,65
93,43
93,40
93,63
94,13
94,15
94,75
94,11
94,49
94,49
94,49
94,47
94,95
94,43
94,96
94,96
94,46
94,40
94,89
95,15
95,86
95,75
95,75
95,38
95,21
95,74
95,88
95,49
95,83
95,94
95,65
95,96
95,17
95,61
96,88
96,80
96,44
96,15
96,6
96,60
96,67
96,74
96,52
96,40
96,49
96,8
96,47
96,24
96,89
97,95
97,95
97,65
97,9
97,36
97,35
97,86
97,59
97,34
97,15
97,85
97,85
97,77
97,81
97,44
98,75
98,6
98,91
98,55
98,29
98,59
98,65
98,64
98,64
98,33
98,46
98,31
98,52
98,40
98,14
99,35
99,58
99,33
99,6
99,6
99,40
99,23
99,92
99,13
99,86
99,67
99,11
99,46
99,18
99,78
