0,18
0,890
1,1258
1,1418
2,1439
2,917
3,709
3,445
4,920
4,271
5,144
5,1878
6,313
6,1355
7,1994
7,1959
8,1616
8,333
9,1233
9,1663
10,770
10,1668
11,1015
11,1993
12,144
12,686
13,31
13,1297
14,1073
14,194
15,565
15,1330
16,1727
16,162
17,967
17,821
18,1076
18,746
19,590
19,563
20,1861
20,741
21,1457
21,1531
22,1575
22,807
23,490
23,1288
24,1447
24,554
25,285
25,752
26,594
26,494
27,1496
27,719
28,1791
28,127
29,1336
29,838
30,1234
30,1539
31,213
31,783
32,1254
32,583
33,1825
33,1885
34,963
34,66
35,1006
35,284
36,1880
36,1191
37,856
37,771
38,1266
38,1558
39,1737
39,535
40,343
40,1605
41,260
41,741
42,501
42,1214
43,1243
43,862
44,632
44,788
45,369
45,493
46,1274
46,1945
47,1217
47,1179
48,1210
48,517
49,1939
49,41
50,873
50,619
51,314
51,1583
52,1961
52,703
53,607
53,1428
54,972
54,1058
55,1679
55,1097
56,805
56,1664
57,327
57,826
58,944
58,691
59,259
59,1797
60,350
60,700
61,1949
61,330
62,1674
62,1129
63,1049
63,1930
64,424
64,1038
65,9
65,911
66,1017
66,1337
67,988
67,1144
68,1893
68,567
69,1180
69,1841
70,1220
70,1483
71,778
71,739
72,1858
72,1093
73,1602
73,1155
74,1594
74,946
75,1610
75,1436
76,1491
76,1565
77,1744
77,1812
78,1501
78,1545
79,725
79,1374
80,1258
80,1723
81,272
81,1298
82,238
82,1602
83,1016
83,265
84,1141
84,403
85,770
85,1143
86,579
86,1337
87,1986
87,1221
88,529
88,837
89,197
89,511
90,1289
90,787
91,1006
91,60
92,1702
92,566
93,844
93,163
94,1028
94,151
95,916
95,1822
96,166
96,1585
97,527
97,576
98,1662
98,1344
99,477
99,141
100,496
100,1402
101,1643
101,709
102,830
102,869
103,713
103,87
104,138
104,842
105,1689
105,1370
106,937
106,18
107,1615
107,1816
108,1774
108,1025
109,1786
109,1694
110,1219
110,1188
111,923
111,1294
112,94
112,1542
113,163
113,1076
114,199
114,632
115,292
115,1456
116,1481
116,1082
117,23
117,1192
118,342
118,1400
119,1847
119,738
120,313
120,338
121,1009
121,429
122,1545
122,1272
123,1681
123,466
124,1593
124,842
125,1036
125,1726
126,1246
126,1171
127,304
127,848
128,1852
128,694
129,303
129,1199
130,311
130,1211
131,1849
131,1837
132,1950
132,799
133,1325
133,1588
134,375
134,962
135,1162
135,180
136,596
136,1613
137,635
137,90
138,674
138,71
139,1690
139,1893
140,1567
140,875
141,1714
141,233
142,893
142,1791
143,1488
143,680
144,452
144,633
145,1381
145,137
146,1570
146,335
147,57
147,1259
148,750
148,393
149,1418
149,1499
150,1036
150,499
151,849
151,1669
152,1343
152,1300
153,1758
153,368
154,1995
154,80
155,1761
155,442
156,174
156,533
157,713
157,11
158,1751
158,306
159,638
159,1872
160,1858
160,962
161,1970
161,1291
162,1116
162,1212
163,1788
163,722
164,523
164,813
165,281
165,455
166,1580
166,534
167,309
167,1459
168,1917
168,534
169,22
169,1747
170,1140
170,836
171,875
171,1399
172,248
172,1460
173,123
173,1277
174,990
174,1878
175,198
175,291
176,86
176,1819
177,1873
177,1384
178,833
178,1246
179,578
179,1748
180,263
180,1798
181,1434
181,440
182,653
182,556
183,241
183,1389
184,1768
184,136
185,1814
185,186
186,775
186,1359
187,664
187,950
188,626
188,1428
189,1397
189,1170
190,1199
190,88
191,834
191,534
192,1702
192,443
193,528
193,380
194,1761
194,499
195,739
195,715
196,907
196,1886
197,618
197,1875
198,450
198,9
199,658
199,909
200,179
200,1191
201,1433
201,506
202,1130
202,450
203,800
203,172
204,1453
204,25
205,1891
205,400
206,276
206,1119
207,605
207,1714
208,885
208,1260
209,442
209,1377
210,1243
210,1682
211,111
211,267
212,384
212,1626
213,1636
213,837
214,1737
214,212
215,1991
215,144
216,1754
216,1562
217,1493
217,1681
218,1297
218,227
219,135
219,800
220,825
220,1765
221,366
221,1471
222,1009
222,1776
223,499
223,1979
224,404
224,1689
225,1858
225,221
226,1458
226,1664
227,507
227,893
228,738
228,1061
229,1830
229,798
230,1819
230,699
231,1143
231,1582
232,1815
232,614
233,1599
233,1297
234,1728
234,1266
235,730
235,414
236,1331
236,65
237,1152
237,625
238,1673
238,1535
239,1818
239,1878
240,1681
240,1849
241,1926
241,1899
242,1109
242,409
243,1301
243,676
244,1931
244,1220
245,176
245,990
246,791
246,1726
247,1012
247,855
248,642
248,1340
249,752
249,126
250,1731
250,661
251,1330
251,547
252,980
252,1284
253,1950
253,151
254,617
254,850
255,7
255,1325
256,340
256,1389
257,1883
257,504
258,1055
258,1933
259,1743
259,608
260,640
260,57
261,445
261,1845
262,171
262,1979
263,78
263,404
264,1736
264,1694
265,1740
265,519
266,1075
266,833
267,398
267,1015
268,751
268,6
269,1790
269,1239
270,683
270,1158
271,1961
271,1078
272,1693
272,1643
273,1858
273,142
274,11
274,636
275,1148
275,1745
276,867
276,1012
277,1513
277,821
278,912
278,794
279,1527
279,881
280,1590
280,186
281,956
281,1583
282,357
282,822
283,997
283,395
284,503
284,1536
285,434
285,1209
286,753
286,1750
287,1146
287,685
288,1099
288,390
289,923
289,1626
290,1306
290,1227
291,70
291,833
292,41
292,621
293,1733
293,891
294,1246
294,364
295,1332
295,692
296,757
296,302
297,954
297,144
298,1721
298,135
299,1219
299,1649
300,659
300,895
301,950
301,709
302,40
302,644
303,1910
303,931
304,1592
304,1254
305,1618
305,1973
306,160
306,148
307,805
307,1380
308,1325
308,268
309,1034
309,1304
310,1922
310,459
311,849
311,905
312,564
312,1418
313,1116
313,41
314,1453
314,1580
315,1447
315,1426
316,1885
316,1793
317,650
317,76
318,1108
318,1182
319,1169
319,513
320,1614
320,204
321,626
321,915
322,645
322,556
323,1792
323,1774
324,208
324,618
325,246
325,1238
326,842
326,1830
327,904
327,481
328,1373
328,515
329,1296
329,477
330,815
330,1830
331,1285
331,259
332,325
332,1356
333,1536
333,1022
334,940
334,882
335,622
335,1779
336,1784
336,1707
337,580
337,1802
338,742
338,262
339,1598
339,660
340,147
340,1856
341,1662
341,1084
342,1171
342,1153
343,445
343,1834
344,1510
344,1312
345,213
345,747
346,266
346,949
347,995
347,1519
348,530
348,582
349,1552
349,1522
350,848
350,1769
351,203
351,1570
352,1993
352,909
353,1205
353,1872
354,790
354,956
355,846
355,1906
356,1811
356,1865
357,1872
357,1592
358,1927
358,1127
359,1468
359,530
360,1113
360,392
361,1828
361,340
362,1123
362,1096
363,1857
363,1847
364,324
364,1991
365,1291
365,860
366,717
366,934
367,897
367,1290
368,193
368,886
369,416
369,419
370,1095
370,1034
371,1009
371,881
372,1314
372,786
373,1245
373,1201
374,1923
374,1191
375,631
375,954
376,1823
376,915
377,1654
377,1979
378,1608
378,808
379,45
379,1400
380,1626
380,1225
381,714
381,1319
382,1840
382,1756
383,1048
383,818
384,233
384,459
385,176
385,204
386,12
386,278
387,1933
387,916
388,735
388,667
389,664
389,1137
390,584
390,1663
391,1201
391,1647
392,32
392,1053
393,205
393,289
394,1195
394,1544
395,1967
395,722
396,1051
396,1167
397,235
397,906
398,1265
398,780
399,523
399,1037
400,1071
400,835
401,158
401,612
402,672
402,1996
403,1422
403,184
404,1717
404,1045
405,553
405,747
406,1157
406,830
407,750
407,604
408,95
408,140
409,1588
409,862
410,767
410,677
411,88
411,1051
412,1337
412,506
413,1044
413,1110
414,1290
414,1194
415,472
415,127
416,1030
416,1821
417,1173
417,566
418,393
418,1883
419,1393
419,1520
420,878
420,1653
421,491
421,153
422,1357
422,1458
423,1243
423,1803
424,184
424,792
425,1600
425,463
426,906
426,1345
427,938
427,770
428,281
428,288
429,1418
429,394
430,905
430,1293
431,625
431,1490
432,381
432,349
433,1984
433,1994
434,576
434,1108
435,1611
435,1022
436,1292
436,222
437,1442
437,330
438,867
438,1258
439,1021
439,352
440,199
440,863
441,1408
441,488
442,1346
442,1629
443,445
443,675
444,797
444,114
445,1104
445,1381
446,165
446,1430
447,1499
447,1776
448,727
448,298
449,66
449,728
450,1262
450,251
451,850
451,1713
452,1280
452,1725
453,1546
453,728
454,787
454,1333
455,1919
455,1800
456,1973
456,895
457,8
457,1676
458,1276
458,1495
459,1882
459,1551
460,1312
460,854
461,1263
461,1570
462,1988
462,410
463,901
463,699
464,1573
464,1565
465,552
465,1747
466,913
466,1763
467,1266
467,1776
468,1572
468,649
469,1875
469,567
470,902
470,949
471,1610
471,1393
472,1280
472,643
473,1272
473,1751
474,1688
474,175
475,1158
475,1222
476,1491
476,1246
477,1591
477,403
478,496
478,1295
479,243
479,255
480,73
480,1049
481,560
481,1438
482,1196
482,792
483,167
483,1441
484,1883
484,1487
485,1377
485,1900
486,1571
486,1062
487,1029
487,143
488,167
488,913
489,1531
489,499
490,1373
490,1688
491,1911
491,1344
492,1039
492,1642
493,181
493,1036
494,936
494,1434
495,1611
495,811
496,1890
496,501
497,1816
497,1169
498,1722
498,773
499,553
499,593
500,736
500,1371
501,1040
501,1444
502,933
502,1619
503,399
503,803
504,1268
504,314
505,142
505,513
506,1636
506,612
507,1779
507,1507
508,166
508,1194
509,1420
509,907
510,700
510,131
511,1169
511,355
512,1866
512,441
513,1161
513,1662
514,502
514,302
515,446
515,1359
516,1874
516,1994
517,302
517,1786
518,1365
518,466
519,1834
519,87
520,1057
520,539
521,699
521,765
522,752
522,95
523,408
523,1376
524,1775
524,597
525,1288
525,12
526,1067
526,816
527,257
527,1125
528,672
528,40
529,52
529,67
530,954
530,919
531,201
531,1864
532,1201
532,1088
533,1790
533,574
534,429
534,613
535,806
535,1160
536,998
536,236
537,1685
537,585
538,1063
538,1041
539,176
539,479
540,1002
540,1205
541,1825
541,1030
542,1540
542,1349
543,853
543,36
544,787
544,1466
545,1800
545,954
546,1844
546,827
547,104
547,1794
548,1552
548,1358
549,355
549,571
550,1689
550,549
551,516
551,588
552,1079
552,1739
553,605
553,659
554,314
554,1157
555,1163
555,1861
556,1887
556,1808
557,1617
557,682
558,1367
558,1645
559,208
559,1986
560,1906
560,1118
561,1029
561,1851
562,964
562,1917
563,898
563,607
564,1072
564,1545
565,925
565,1374
566,1584
566,48
567,23
567,1722
568,883
568,1264
569,1246
569,1994
570,1046
570,1248
571,0
571,385
572,1323
572,1732
573,1060
573,1429
574,1861
574,440
575,1166
575,1799
576,1979
576,1490
577,642
577,657
578,1862
578,726
579,166
579,400
580,668
580,1563
581,1111
581,88
582,531
582,312
583,762
583,30
584,158
584,1979
585,1975
585,1837
586,1266
586,39
587,1280
587,541
588,1414
588,1054
589,1718
589,1165
590,1793
590,874
591,1940
591,1456
592,1325
592,422
593,1295
593,1104
594,1236
594,1397
595,1404
595,154
596,1758
596,1057
597,1627
597,1767
598,13
598,99
599,564
599,832
600,1456
600,409
601,967
601,259
602,1150
602,11
603,1769
603,988
604,1342
604,1115
605,546
605,1584
606,1238
606,1874
607,1578
607,833
608,519
608,1310
609,360
609,200
610,1230
610,745
611,939
611,107
612,253
612,121
613,529
613,353
614,1930
614,1915
615,45
615,121
616,1547
616,1799
617,1861
617,833
618,1805
618,1747
619,596
619,1196
620,134
620,1720
621,918
621,996
622,1996
622,523
623,1720
623,427
624,1509
624,1574
625,165
625,81
626,299
626,1420
627,1026
627,1914
628,1165
628,522
629,794
629,633
630,895
630,918
631,1262
631,1542
632,1122
632,201
633,656
633,1217
634,1300
634,1802
635,1391
635,1157
636,135
636,1317
637,1587
637,885
638,1361
638,789
639,1547
639,1644
640,725
640,318
641,1779
641,1169
642,174
642,1816
643,724
643,938
644,745
644,1722
645,1402
645,1525
646,1814
646,427
647,1243
647,1509
648,1787
648,1967
649,827
649,22
650,1354
650,1121
651,859
651,827
652,352
652,787
653,71
653,231
654,1590
654,1258
655,1074
655,1631
656,1096
656,20
657,979
657,73
658,919
658,1141
659,530
659,1816
660,1898
660,1687
661,283
661,1146
662,1298
662,1165
663,1199
663,1656
664,579
664,1576
665,1474
665,329
666,259
666,720
667,802
667,861
668,543
668,1771
669,701
669,1946
670,226
670,1189
671,1688
671,1528
672,1435
672,1259
673,193
673,446
674,1310
674,242
675,1473
675,1155
676,458
676,713
677,1774
677,271
678,523
678,856
679,1069
679,598
680,1048
680,777
681,181
681,755
682,786
682,574
683,1923
683,1946
684,415
684,1263
685,41
685,1466
686,1909
686,152
687,1288
687,1585
688,1202
688,965
689,429
689,1347
690,339
690,1563
691,917
691,1366
692,1465
692,1017
693,1824
693,78
694,1573
694,75
695,884
695,97
696,95
696,1150
697,693
697,200
698,283
698,941
699,832
699,1235
700,1964
700,495
701,1373
701,897
702,389
702,1694
703,1902
703,428
704,1510
704,741
705,201
705,892
706,169
706,699
707,436
707,102
708,1961
708,545
709,71
709,1378
710,234
710,1281
711,111
711,1475
712,437
712,1334
713,886
713,1716
714,413
714,1038
715,894
715,1210
716,1493
716,1227
717,1335
717,433
718,1512
718,1020
719,1146
719,1319
720,885
720,5
721,1615
721,528
722,791
722,1422
723,263
723,1579
724,1466
724,411
725,1060
725,883
726,1447
726,671
727,932
727,1230
728,711
728,299
729,905
729,1110
730,492
730,822
731,1368
731,570
732,1606
732,831
733,813
733,1217
734,1405
734,1268
735,1664
735,1720
736,1351
736,1648
737,447
737,1026
738,1797
738,1092
739,1040
739,844
740,1132
740,616
741,60
741,929
742,72
742,1758
743,460
743,1457
744,1353
744,1647
745,196
745,1484
746,176
746,109
747,1944
747,1712
748,550
748,613
749,11
749,76
750,662
750,963
751,114
751,1682
752,559
752,1305
753,1702
753,663
754,925
754,1832
755,1358
755,1675
756,645
756,1075
757,1560
757,896
758,514
758,993
759,1723
759,820
760,84
760,1013
761,1856
761,879
762,650
762,259
763,206
763,832
764,501
764,174
765,287
765,67
766,693
766,834
767,83
767,62
768,172
768,1638
769,1164
769,1724
770,422
770,517
771,1418
771,247
772,14
772,865
773,1421
773,1080
774,862
774,1178
775,565
775,1204
776,1518
776,703
777,713
777,807
778,643
778,1147
779,1800
779,121
780,1287
780,1138
781,1553
781,1150
782,766
782,290
783,67
783,875
784,1935
784,650
785,490
785,1718
786,30
786,630
787,1711
787,973
788,116
788,552
789,1101
789,885
790,1320
790,1694
791,1347
791,669
792,472
792,1557
793,668
793,1030
794,450
794,1669
795,406
795,611
796,771
796,1187
797,1964
797,1375
798,1408
798,1373
799,1333
799,354
800,549
800,1062
801,1959
801,697
802,1243
802,1734
803,1160
803,879
804,1551
804,813
805,109
805,588
806,1090
806,1394
807,1274
807,840
808,426
808,1268
809,1766
809,1361
810,776
810,1345
811,337
811,857
812,746
812,70
813,490
813,899
814,1705
814,728
815,154
815,1544
816,1562
816,582
817,1796
817,1442
818,1403
818,1454
819,218
819,945
820,1612
820,1481
821,658
821,1050
822,1080
822,949
823,1822
823,609
824,127
824,1758
825,1925
825,419
826,561
826,899
827,439
827,178
828,1623
828,1822
829,809
829,280
830,1037
830,517
831,1318
831,1286
832,1667
832,1785
833,1834
833,957
834,1736
834,1804
835,1851
835,769
836,1745
836,435
837,339
837,174
838,1821
838,1216
839,1229
839,366
840,1899
840,1369
841,501
841,1945
842,1401
842,96
843,1905
843,1589
844,1934
844,281
845,178
845,1327
846,1645
846,286
847,978
847,1962
848,842
848,1660
849,1278
849,568
850,1295
850,1372
851,1391
851,1738
852,79
852,1489
853,1265
853,1992
854,728
854,701
855,1767
855,147
856,1359
856,1476
857,506
857,1161
858,690
858,66
859,788
859,1141
860,900
860,1190
861,857
861,1027
862,341
862,1897
863,903
863,1681
864,948
864,876
865,1989
865,687
866,1577
866,863
867,1949
867,1035
868,1122
868,246
869,1604
869,477
870,1792
870,183
871,919
871,1908
872,578
872,1762
873,1560
873,993
874,57
874,1864
875,1688
875,328
876,1379
876,1030
877,1322
877,1357
878,200
878,733
879,1020
879,500
880,103
880,1705
881,1729
881,1034
882,1453
882,1256
883,1929
883,619
884,1785
884,1377
885,1861
885,1450
886,371
886,1723
887,1896
887,1076
888,1025
888,1347
889,1078
889,1638
890,873
890,1870
891,468
891,562
892,1753
892,1304
893,1466
893,56
894,1810
894,1949
895,540
895,350
896,750
896,524
897,663
897,243
898,1811
898,891
899,545
899,147
900,1668
900,746
901,1984
901,584
902,1309
902,1852
903,479
903,321
904,1668
904,1680
905,405
905,37
906,198
906,309
907,712
907,148
908,1708
908,1046
909,1853
909,833
910,1215
910,1514
911,1793
911,1182
912,620
912,470
913,619
913,1536
914,1449
914,303
915,425
915,260
916,1084
916,1144
917,1000
917,778
918,1537
918,568
919,1248
919,1828
920,780
920,681
921,1835
921,357
922,1906
922,711
923,1741
923,1680
924,1447
924,393
925,1117
925,129
926,1471
926,31
927,1144
927,655
928,120
928,1188
929,1261
929,474
930,1230
930,1861
931,219
931,1721
932,1332
932,1873
933,1961
933,1165
934,383
934,686
935,424
935,131
936,70
936,832
937,528
937,378
938,1314
938,324
939,1666
939,569
940,1748
940,1255
941,1232
941,1471
942,620
942,1370
943,493
943,708
944,912
944,1820
945,1282
945,1550
946,1019
946,1512
947,1895
947,1871
948,567
948,1274
949,1991
949,1301
950,1025
950,1460
951,1876
951,1398
952,1568
952,69
953,65
953,1314
954,1745
954,1503
955,1176
955,1915
956,1190
956,700
957,917
957,1453
958,989
958,1244
959,615
959,13
960,72
960,1773
961,1895
961,1201
962,382
962,532
963,1351
963,1437
964,375
964,3
965,1368
965,895
966,1557
966,1776
967,553
967,1860
968,922
968,263
969,1405
969,1699
970,1329
970,1039
971,1407
971,53
972,186
972,620
973,1818
973,1492
974,41
974,1971
975,204
975,1976
976,62
976,360
977,1773
977,1925
978,1456
978,723
979,530
979,1509
980,144
980,257
981,581
981,828
982,70
982,1325
983,1263
983,1285
984,1829
984,1491
985,55
985,1921
986,682
986,506
987,1110
987,1010
988,573
988,1678
989,1418
989,682
990,1364
990,1559
991,1414
991,831
992,471
992,310
993,1502
993,500
994,1458
994,1078
995,893
995,83
996,182
996,1310
997,1817
997,80
998,475
998,1794
999,1330
999,470
1000,1813
1000,27
1001,465
1001,978
1002,1224
1002,1864
1003,1506
1003,1217
1004,1729
1004,408
1005,1704
1005,1985
1006,1135
1006,1588
1007,868
1007,717
1008,1700
1008,206
1009,1916
1009,1349
1010,1217
1010,1704
1011,177
1011,633
1012,1356
1012,37
1013,673
1013,1202
1014,1264
1014,1066
1015,1439
1015,1930
1016,1352
1016,1596
1017,423
1017,1524
1018,1245
1018,473
1019,392
1019,407
1020,289
1020,283
1021,1628
1021,993
1022,44
1022,494
1023,1709
1023,12
1024,1590
1024,559
1025,1383
1025,701
1026,1144
1026,1591
1027,853
1027,955
1028,1144
1028,1379
1029,1181
1029,1150
1030,1142
1030,545
1031,1771
1031,1615
1032,1567
1032,185
1033,1716
1033,289
1034,326
1034,1699
1035,1164
1035,1859
1036,1902
1036,840
1037,195
1037,99
1038,1562
1038,1087
1039,1419
1039,249
1040,110
1040,48
1041,1722
1041,1286
1042,1934
1042,55
1043,1440
1043,1546
1044,423
1044,1615
1045,1203
1045,557
1046,288
1046,1804
1047,1610
1047,1988
1048,451
1048,1590
1049,500
1049,1131
1050,735
1050,1826
1051,1801
1051,1166
1052,1888
1052,113
1053,274
1053,1821
1054,860
1054,888
1055,1450
1055,1742
1056,1872
1056,479
1057,1859
1057,1072
1058,1393
1058,14
1059,322
1059,1046
1060,1811
1060,1138
1061,1811
1061,1247
1062,1528
1062,1808
1063,885
1063,1003
1064,484
1064,1791
1065,395
1065,157
1066,1613
1066,1477
1067,333
1067,1125
1068,597
1068,1420
1069,1902
1069,361
1070,1419
1070,1195
1071,1623
1071,919
1072,820
1072,1400
1073,1240
1073,936
1074,1616
1074,1515
1075,1806
1075,665
1076,1655
1076,794
1077,1273
1077,16
1078,58
1078,1491
1079,992
1079,1140
1080,1407
1080,1659
1081,459
1081,309
1082,566
1082,1909
1083,1368
1083,1641
1084,1309
1084,914
1085,1135
1085,1711
1086,265
1086,1419
1087,138
1087,861
1088,1685
1088,1729
1089,1554
1089,1386
1090,868
1090,1555
1091,1027
1091,967
1092,160
1092,1108
1093,1066
1093,102
1094,448
1094,58
1095,1819
1095,32
1096,1366
1096,206
1097,853
1097,1362
1098,341
1098,1847
1099,385
1099,361
1100,1155
1100,152
1101,329
1101,1762
1102,206
1102,1340
1103,891
1103,1254
1104,1180
1104,1772
1105,1889
1105,1089
1106,24
1106,574
1107,1957
1107,934
1108,199
1108,863
1109,1794
1109,1711
1110,1610
1110,335
1111,113
1111,572
1112,1485
1112,571
1113,1936
1113,1213
1114,818
1114,118
1115,1028
1115,524
1116,1392
1116,794
1117,1150
1117,1635
1118,1854
1118,1755
1119,1791
1119,1149
1120,1227
1120,423
1121,454
1121,1662
1122,1287
1122,1332
1123,1633
1123,415
1124,975
1124,437
1125,761
1125,1777
1126,1772
1126,944
1127,1920
1127,370
1128,1207
1128,1771
1129,601
1129,1855
1130,155
1130,33
1131,1251
1131,962
1132,1086
1132,437
1133,682
1133,1126
1134,1291
1134,1976
1135,469
1135,1775
1136,1403
1136,1271
1137,1202
1137,1992
1138,1729
1138,1648
1139,1702
1139,1000
1140,986
1140,444
1141,1441
1141,816
1142,1380
1142,180
1143,496
1143,617
1144,1759
1144,940
1145,895
1145,75
1146,807
1146,956
1147,1825
1147,387
1148,120
1148,791
1149,248
1149,851
1150,1508
1150,502
1151,521
1151,1032
1152,1801
1152,881
1153,316
1153,495
1154,584
1154,1155
1155,573
1155,445
1156,881
1156,1430
1157,1046
1157,1639
1158,688
1158,763
1159,923
1159,913
1160,829
1160,1142
1161,1238
1161,918
1162,589
1162,105
1163,1248
1163,1559
1164,778
1164,1283
1165,755
1165,1755
1166,807
1166,1950
1167,1155
1167,1241
1168,243
1168,1780
1169,1312
1169,1051
1170,1794
1170,975
1171,1631
1171,1872
1172,1119
1172,648
1173,1937
1173,1921
1174,1438
1174,1122
1175,1330
1175,371
1176,1482
1176,385
1177,1070
1177,263
1178,150
1178,1233
1179,1897
1179,1894
1180,49
1180,1207
1181,1542
1181,646
1182,1681
1182,1195
1183,897
1183,397
1184,382
1184,1701
1185,1997
1185,1325
1186,762
1186,1393
1187,1977
1187,777
1188,1431
1188,1787
1189,1862
1189,504
1190,1262
1190,1784
1191,1643
1191,32
1192,862
1192,1296
1193,1995
1193,708
1194,1190
1194,512
1195,396
1195,298
1196,969
1196,1678
1197,1266
1197,1927
1198,1112
1198,339
1199,34
1199,1828
1200,200
1200,1869
1201,507
1201,568
1202,1928
1202,1054
1203,1735
1203,175
1204,1823
1204,1707
1205,71
1205,135
1206,324
1206,141
1207,1337
1207,197
1208,1803
1208,461
1209,216
1209,1791
1210,707
1210,1136
1211,93
1211,1189
1212,1165
1212,1334
1213,1566
1213,1629
1214,1589
1214,1248
1215,1062
1215,1875
1216,1646
1216,1797
1217,1273
1217,811
1218,1420
1218,1966
1219,1860
1219,128
1220,939
1220,231
1221,731
1221,338
1222,940
1222,1057
1223,1388
1223,1214
1224,1871
1224,508
1225,978
1225,799
1226,1186
1226,1451
1227,764
1227,46
1228,1634
1228,1915
1229,1987
1229,1290
1230,515
1230,338
1231,192
1231,1418
1232,142
1232,1248
1233,873
1233,1293
1234,1972
1234,952
1235,1911
1235,877
1236,1460
1236,538
1237,891
1237,1776
1238,1048
1238,276
1239,1886
1239,1543
1240,461
1240,718
1241,1854
1241,505
1242,960
1242,1512
1243,457
1243,1543
1244,412
1244,1727
1245,1497
1245,494
1246,36
1246,1182
1247,1441
1247,797
1248,697
1248,1629
1249,1592
1249,494
1250,1103
1250,1408
1251,1874
1251,1618
1252,922
1252,703
1253,268
1253,533
1254,313
1254,1133
1255,440
1255,945
1256,1086
1256,1242
1257,1297
1257,307
1258,895
1258,41
1259,1366
1259,1953
1260,147
1260,1125
1261,968
1261,534
1262,84
1262,941
1263,541
1263,445
1264,837
1264,42
1265,1244
1265,128
1266,1146
1266,577
1267,1927
1267,96
1268,32
1268,136
1269,376
1269,676
1270,71
1270,521
1271,579
1271,1928
1272,816
1272,774
1273,1868
1273,54
1274,364
1274,247
1275,431
1275,831
1276,1479
1276,658
1277,1876
1277,1885
1278,1671
1278,1355
1279,833
1279,1091
1280,1393
1280,1216
1281,1372
1281,1127
1282,402
1282,422
1283,369
1283,605
1284,580
1284,1546
1285,660
1285,1276
1286,514
1286,1149
1287,1997
1287,487
1288,1889
1288,371
1289,881
1289,1466
1290,39
1290,1545
1291,1513
1291,1626
1292,407
1292,717
1293,324
1293,170
1294,1103
1294,1668
1295,475
1295,27
1296,957
1296,336
1297,1677
1297,1370
1298,1391
1298,327
1299,1679
1299,1128
1300,82
1300,653
1301,234
1301,1360
1302,683
1302,308
1303,1408
1303,833
1304,931
1304,1124
1305,38
1305,748
1306,800
1306,1396
1307,416
1307,1980
1308,1130
1308,395
1309,802
1309,124
1310,1260
1310,1778
1311,854
1311,1191
1312,1654
1312,991
1313,1477
1313,667
1314,994
1314,1910
1315,1245
1315,1741
1316,1384
1316,1364
1317,1067
1317,1337
1318,769
1318,1881
1319,536
1319,1437
1320,681
1320,391
1321,1391
1321,1001
1322,1619
1322,732
1323,1059
1323,524
1324,1991
1324,54
1325,1386
1325,144
1326,928
1326,582
1327,1855
1327,811
1328,1503
1328,140
1329,246
1329,1300
1330,622
1330,1600
1331,49
1331,60
1332,1001
1332,1908
1333,1258
1333,193
1334,897
1334,1400
1335,401
1335,11
1336,1289
1336,1808
1337,1482
1337,1510
1338,1381
1338,283
1339,1643
1339,303
1340,1184
1340,1010
1341,252
1341,1146
1342,1558
1342,260
1343,1784
1343,1240
1344,648
1344,433
1345,594
1345,488
1346,1330
1346,1480
1347,184
1347,66
1348,1136
1348,1620
1349,1982
1349,1657
1350,1118
1350,138
1351,1402
1351,247
1352,1251
1352,623
1353,801
1353,1690
1354,997
1354,1811
1355,1854
1355,253
1356,981
1356,956
1357,1928
1357,1771
1358,610
1358,1231
1359,486
1359,1716
1360,961
1360,927
1361,376
1361,1154
1362,148
1362,1137
1363,1035
1363,767
1364,996
1364,927
1365,941
1365,560
1366,749
1366,1175
1367,654
1367,469
1368,771
1368,1012
1369,1913
1369,1560
1370,953
1370,624
1371,1467
1371,800
1372,638
1372,1534
1373,1271
1373,1942
1374,172
1374,1302
1375,1719
1375,1796
1376,695
1376,122
1377,453
1377,1173
1378,270
1378,1049
1379,560
1379,1428
1380,87
1380,14
1381,511
1381,440
1382,1171
1382,749
1383,1750
1383,573
1384,1894
1384,1477
1385,1099
1385,1848
1386,181
1386,484
1387,1147
1387,414
1388,106
1388,1041
1389,490
1389,619
1390,1911
1390,1473
1391,1003
1391,275
1392,290
1392,723
1393,607
1393,1279
1394,1606
1394,76
1395,1582
1395,315
1396,866
1396,1866
1397,509
1397,1837
1398,816
1398,1400
1399,512
1399,1465
1400,1607
1400,1937
1401,398
1401,712
1402,569
1402,1108
1403,1337
1403,1220
1404,903
1404,1107
1405,1601
1405,725
1406,998
1406,561
1407,1501
1407,449
1408,1584
1408,571
1409,949
1409,948
1410,528
1410,1254
1411,1012
1411,1259
1412,1864
1412,1437
1413,730
1413,96
1414,1783
1414,1311
1415,49
1415,1727
1416,1666
1416,1927
1417,1810
1417,883
1418,16
1418,588
1419,1206
1419,1076
1420,981
1420,259
1421,1303
1421,263
1422,135
1422,977
1423,1431
1423,1105
1424,543
1424,1389
1425,1765
1425,1878
1426,1919
1426,1934
1427,761
1427,1180
1428,1042
1428,1458
1429,668
1429,1306
1430,495
1430,1208
1431,243
1431,57
1432,455
1432,886
1433,1901
1433,1851
1434,1286
1434,692
1435,197
1435,515
1436,1598
1436,1657
1437,1717
1437,819
1438,590
1438,1150
1439,139
1439,151
1440,1746
1440,816
1441,1140
1441,495
1442,456
1442,1790
1443,521
1443,1280
1444,715
1444,294
1445,1599
1445,1319
1446,310
1446,752
1447,1034
1447,1400
1448,688
1448,504
1449,654
1449,127
1450,204
1450,1835
1451,1449
1451,852
1452,146
1452,271
1453,998
1453,818
1454,1515
1454,1081
1455,1048
1455,1344
1456,1861
1456,1257
1457,699
1457,1954
1458,1822
1458,776
1459,1929
1459,1593
1460,779
1460,870
1461,1557
1461,1397
1462,969
1462,1410
1463,1300
1463,175
1464,707
1464,88
1465,628
1465,28
1466,1934
1466,592
1467,435
1467,1809
1468,303
1468,1046
1469,494
1469,1646
1470,1590
1470,1849
1471,1750
1471,230
1472,144
1472,976
1473,1177
1473,43
1474,1041
1474,371
1475,1099
1475,732
1476,855
1476,1835
1477,1350
1477,1176
1478,1953
1478,594
1479,639
1479,1382
1480,1726
1480,198
1481,1368
1481,604
1482,94
1482,637
1483,445
1483,1070
1484,1216
1484,415
1485,489
1485,1613
1486,890
1486,1926
1487,243
1487,108
1488,1330
1488,1794
1489,1155
1489,391
1490,645
1490,1055
1491,1386
1491,411
1492,1316
1492,1309
1493,736
1493,111
1494,500
1494,1991
1495,1713
1495,1024
1496,452
1496,99
1497,1554
1497,1978
1498,448
1498,507
1499,1463
1499,29
1500,479
1500,1940
1501,1187
1501,423
1502,1518
1502,1878
1503,1654
1503,339
1504,1180
1504,432
1505,588
1505,228
1506,223
1506,980
1507,1242
1507,1756
1508,761
1508,1745
1509,677
1509,484
1510,1802
1510,1291
1511,355
1511,903
1512,1687
1512,1876
1513,1094
1513,529
1514,635
1514,1503
1515,897
1515,1881
1516,1421
1516,538
1517,1205
1517,782
1518,791
1518,358
1519,614
1519,395
1520,1284
1520,99
1521,1466
1521,1181
1522,1941
1522,103
1523,1034
1523,1670
1524,679
1524,1922
1525,1499
1525,1194
1526,986
1526,1156
1527,831
1527,1341
1528,801
1528,607
1529,347
1529,795
1530,1217
1530,115
1531,1133
1531,348
1532,1624
1532,1336
1533,1631
1533,1727
1534,430
1534,131
1535,283
1535,1259
1536,68
1536,141
1537,42
1537,1867
1538,1112
1538,1905
1539,470
1539,1484
1540,326
1540,1985
1541,140
1541,396
1542,1281
1542,403
1543,513
1543,72
1544,394
1544,827
1545,383
1545,1941
1546,1309
1546,236
1547,983
1547,207
1548,1603
1548,1726
1549,539
1549,1719
1550,1693
1550,1953
1551,1147
1551,1943
1552,1766
1552,918
1553,1130
1553,1005
1554,799
1554,397
1555,1493
1555,382
1556,1041
1556,726
1557,1429
1557,398
1558,876
1558,835
1559,277
1559,1846
1560,1987
1560,1267
1561,838
1561,1340
1562,1936
1562,1473
1563,923
1563,1839
1564,1158
1564,1277
1565,1980
1565,1177
1566,866
1566,233
1567,574
1567,1305
1568,1056
1568,1396
1569,1156
1569,1043
1570,328
1570,1706
1571,152
1571,1531
1572,856
1572,639
1573,91
1573,1247
1574,1618
1574,1022
1575,1920
1575,849
1576,283
1576,62
1577,964
1577,1173
1578,426
1578,473
1579,1122
1579,1432
1580,1701
1580,870
1581,727
1581,237
1582,423
1582,1488
1583,1609
1583,993
1584,86
1584,647
1585,1717
1585,1863
1586,1530
1586,1175
1587,1863
1587,477
1588,58
1588,1845
1589,1699
1589,1122
1590,1303
1590,1338
1591,302
1591,981
1592,359
1592,889
1593,926
1593,899
1594,809
1594,448
1595,1138
1595,877
1596,201
1596,1006
1597,117
1597,1990
1598,821
1598,956
1599,890
1599,1009
1600,1786
1600,702
1601,1040
1601,536
1602,1950
1602,409
1603,1132
1603,1901
1604,1650
1604,636
1605,1932
1605,1169
1606,1213
1606,643
1607,1599
1607,634
1608,304
1608,1774
1609,146
1609,296
1610,122
1610,1033
1611,1795
1611,1281
1612,8
1612,1001
1613,254
1613,1712
1614,170
1614,212
1615,1256
1615,1601
1616,518
1616,821
1617,889
1617,805
1618,275
1618,4
1619,864
1619,1091
1620,1054
1620,1844
1621,988
1621,1409
1622,148
1622,1335
1623,1225
1623,1746
1624,624
1624,229
1625,1134
1625,804
1626,1622
1626,812
1627,267
1627,743
1628,701
1628,926
1629,293
1629,1356
1630,636
1630,1390
1631,1090
1631,853
1632,1787
1632,1192
1633,1044
1633,1447
1634,457
1634,156
1635,1199
1635,440
1636,1082
1636,1916
1637,1839
1637,1823
1638,65
1638,664
1639,1400
1639,967
1640,1963
1640,488
1641,509
1641,1857
1642,769
1642,1750
1643,1535
1643,1755
1644,1906
1644,602
1645,1945
1645,1473
1646,140
1646,1087
1647,1034
1647,1886
1648,910
1648,764
1649,314
1649,1325
1650,928
1650,617
1651,542
1651,115
1652,462
1652,620
1653,1842
1653,1406
1654,1308
1654,1823
1655,1235
1655,682
1656,1010
1656,1935
1657,1781
1657,1136
1658,1989
1658,1550
1659,414
1659,480
1660,999
1660,737
1661,830
1661,1451
1662,1200
1662,1081
1663,805
1663,1441
1664,575
1664,640
1665,87
1665,484
1666,1042
1666,674
1667,1960
1667,937
1668,1014
1668,310
1669,1475
1669,381
1670,419
1670,599
1671,509
1671,1863
1672,278
1672,1101
1673,281
1673,218
1674,385
1674,116
1675,249
1675,1821
1676,800
1676,959
1677,1245
1677,965
1678,1132
1678,797
1679,1751
1679,1568
1680,263
1680,46
1681,1529
1681,1
1682,1521
1682,425
1683,344
1683,1264
1684,36
1684,454
1685,507
1685,90
1686,1009
1686,1332
1687,1055
1687,868
1688,989
1688,744
1689,1867
1689,853
1690,1550
1690,1242
1691,1811
1691,1365
1692,96
1692,1564
1693,1920
1693,79
1694,1060
1694,1582
1695,23
1695,791
1696,1150
1696,1050
1697,1256
1697,77
1698,247
1698,1724
1699,1919
1699,476
1700,1635
1700,1319
1701,411
1701,1870
1702,376
1702,721
1703,343
1703,547
1704,1918
1704,1880
1705,1621
1705,1689
1706,562
1706,549
1707,1748
1707,859
1708,247
1708,1314
1709,429
1709,1573
1710,1412
1710,304
1711,1337
1711,1532
1712,402
1712,420
1713,1100
1713,16
1714,1688
1714,325
1715,338
1715,1393
1716,1785
1716,1590
1717,879
1717,1113
1718,1819
1718,1196
1719,812
1719,994
1720,145
1720,1778
1721,1732
1721,292
1722,1062
1722,1237
1723,973
1723,1735
1724,1788
1724,530
1725,47
1725,55
1726,624
1726,1925
1727,1430
1727,1607
1728,1541
1728,780
1729,1687
1729,613
1730,1638
1730,1074
1731,654
1731,767
1732,654
1732,1634
1733,1084
1733,1176
1734,1422
1734,370
1735,1922
1735,415
1736,1928
1736,1802
1737,1272
1737,1777
1738,372
1738,978
1739,1914
1739,1629
1740,816
1740,1720
1741,312
1741,691
1742,638
1742,1014
1743,404
1743,114
1744,631
1744,1615
1745,201
1745,644
1746,1763
1746,1988
1747,747
1747,542
1748,449
1748,1598
1749,1299
1749,1358
1750,150
1750,1940
1751,1095
1751,1510
1752,1884
1752,1772
1753,1102
1753,960
1754,660
1754,136
1755,1932
1755,1225
1756,1198
1756,1321
1757,482
1757,1692
1758,1918
1758,1229
1759,1682
1759,1931
1760,763
1760,753
1761,1066
1761,1595
1762,826
1762,1243
1763,536
1763,1007
1764,1839
1764,127
1765,511
1765,1397
1766,1668
1766,1749
1767,1769
1767,1976
1768,22
1768,1927
1769,1018
1769,1892
1770,1080
1770,90
1771,913
1771,999
1772,1642
1772,1567
1773,519
1773,894
1774,1606
1774,1179
1775,1001
1775,126
1776,1376
1776,1871
1777,1987
1777,1940
1778,711
1778,1924
1779,1129
1779,35
1780,1512
1780,1239
1781,815
1781,883
1782,1703
1782,671
1783,619
1783,729
1784,1164
1784,748
1785,1440
1785,480
1786,1737
1786,802
1787,1547
1787,640
1788,814
1788,731
1789,138
1789,1679
1790,1162
1790,251
1791,611
1791,1098
1792,947
1792,293
1793,1691
1793,1715
1794,37
1794,516
1795,491
1795,398
1796,1320
1796,653
1797,260
1797,91
1798,1450
1798,1296
1799,486
1799,1249
1800,1899
1800,564
1801,1610
1801,1754
1802,1413
1802,1123
1803,875
1803,1089
1804,1573
1804,1519
1805,1204
1805,840
1806,713
1806,202
1807,373
1807,328
1808,536
1808,1852
1809,1470
1809,71
1810,784
1810,1465
1811,697
1811,1915
1812,1164
1812,1500
1813,1566
1813,1597
1814,1085
1814,299
1815,355
1815,1645
1816,1060
1816,791
1817,1785
1817,1834
1818,1595
1818,1140
1819,574
1819,763
1820,733
1820,233
1821,774
1821,1554
1822,589
1822,1720
1823,803
1823,798
1824,1591
1824,1303
1825,1720
1825,1063
1826,1446
1826,445
1827,835
1827,128
1828,694
1828,1522
1829,1173
1829,1154
1830,268
1830,519
1831,717
1831,849
1832,1435
1832,1991
1833,373
1833,1275
1834,1122
1834,335
1835,1806
1835,716
1836,129
1836,1349
1837,931
1837,245
1838,726
1838,1665
1839,1385
1839,833
1840,380
1840,259
1841,1985
1841,1762
1842,1973
1842,1522
1843,730
1843,1756
1844,106
1844,1734
1845,59
1845,242
1846,660
1846,914
1847,1492
1847,16
1848,1047
1848,455
1849,349
1849,981
1850,1126
1850,1284
1851,950
1851,1117
1852,734
1852,319
1853,406
1853,1602
1854,1562
1854,911
1855,1444
1855,1018
1856,1672
1856,1342
1857,453
1857,62
1858,905
1858,35
1859,1739
1859,913
1860,1285
1860,991
1861,479
1861,1727
1862,543
1862,212
1863,1623
1863,1703
1864,279
1864,243
1865,970
1865,1972
1866,1089
1866,1890
1867,274
1867,664
1868,1465
1868,1779
1869,704
1869,556
1870,1670
1870,1478
1871,596
1871,1159
1872,248
1872,589
1873,1608
1873,736
1874,941
1874,1771
1875,1148
1875,1225
1876,35
1876,1523
1877,1145
1877,1315
1878,1121
1878,1329
1879,349
1879,1444
1880,92
1880,1971
1881,1004
1881,575
1882,981
1882,1656
1883,1539
1883,876
1884,1487
1884,830
1885,1341
1885,712
1886,429
1886,1424
1887,1245
1887,1271
1888,1560
1888,1790
1889,1035
1889,628
1890,544
1890,622
1891,762
1891,1806
1892,1068
1892,1103
1893,68
1893,579
1894,1229
1894,780
1895,1108
1895,1668
1896,1352
1896,126
1897,348
1897,1595
1898,144
1898,1060
1899,1780
1899,1725
1900,1981
1900,884
1901,1477
1901,223
1902,1169
1902,1649
1903,1897
1903,1885
1904,1734
1904,163
1905,1300
1905,962
1906,959
1906,1293
1907,1081
1907,1367
1908,334
1908,1947
1909,516
1909,1412
1910,1442
1910,720
1911,1365
1911,943
1912,125
1912,1750
1913,797
1913,52
1914,688
1914,1020
1915,1770
1915,1545
1916,176
1916,1525
1917,1071
1917,1787
1918,1176
1918,871
1919,1303
1919,1363
1920,70
1920,1061
1921,1800
1921,901
1922,256
1922,1743
1923,4
1923,1397
1924,1935
1924,747
1925,200
1925,1896
1926,1682
1926,1891
1927,194
1927,790
1928,671
1928,1754
1929,869
1929,33
1930,234
1930,1364
1931,85
1931,1452
1932,68
1932,371
1933,1158
1933,97
1934,126
1934,817
1935,104
1935,669
1936,465
1936,1704
1937,559
1937,610
1938,1059
1938,1545
1939,310
1939,1533
1940,1694
1940,1888
1941,501
1941,1152
1942,1513
1942,603
1943,1091
1943,838
1944,322
1944,1026
1945,871
1945,1968
1946,1656
1946,225
1947,300
1947,1417
1948,736
1948,670
1949,263
1949,308
1950,691
1950,1263
1951,995
1951,382
1952,631
1952,1748
1953,1056
1953,531
1954,218
1954,202
1955,1909
1955,1015
1956,1792
1956,1084
1957,1230
1957,486
1958,571
1958,604
1959,1294
1959,368
1960,1842
1960,1530
1961,195
1961,442
1962,1430
1962,1877
1963,859
1963,486
1964,1780
1964,1995
1965,754
1965,717
1966,1519
1966,338
1967,656
1967,981
1968,287
1968,1902
1969,1306
1969,1460
1970,1853
1970,1038
1971,1001
1971,680
1972,33
1972,793
1973,1124
1973,747
1974,1625
1974,1557
1975,890
1975,393
1976,199
1976,1234
1977,1142
1977,1394
1978,1688
1978,77
1979,240
1979,246
1980,1089
1980,1717
1981,999
1981,1908
1982,1937
1982,55
1983,1652
1983,1248
1984,1231
1984,1721
1985,1525
1985,1200
1986,112
1986,1020
1987,127
1987,115
1988,946
1988,345
1989,336
1989,1447
1990,1279
1990,486
1991,468
1991,1133
1992,601
1992,1041
1993,715
1993,858
1994,300
1994,840
1995,213
1995,1617
1996,1177
1996,201
1997,541
1997,797
1998,1981
1998,476
1999,1206
1999,333
