0,130
0,184
0,205
1,261
1,395
1,289
2,261
2,21
2,205
3,237
3,205
3,176
4,352
4,271
4,82
5,231
5,316
5,290
6,315
6,182
6,120
7,134
7,61
7,139
8,348
8,100
8,352
9,243
9,222
9,233
10,384
10,158
10,307
11,371
11,7
11,158
12,49
12,97
12,47
13,315
13,331
13,331
14,141
14,140
14,387
15,353
15,217
15,233
16,267
16,25
16,235
17,385
17,353
17,360
18,18
18,212
18,308
19,316
19,388
19,76
20,233
20,194
20,162
21,194
21,168
21,384
22,265
22,34
22,351
23,7
23,369
23,294
24,202
24,260
24,222
25,231
25,253
25,76
26,305
26,199
26,214
27,311
27,286
27,326
28,44
28,245
28,294
29,208
29,278
29,35
30,253
30,84
30,43
31,136
31,47
31,174
32,385
32,22
32,392
33,250
33,155
33,1
34,331
34,263
34,84
35,197
35,379
35,293
36,81
36,195
36,113
37,307
37,281
37,315
38,209
38,253
38,281
39,214
39,65
39,357
40,48
40,141
40,88
41,378
41,365
41,21
42,290
42,395
42,127
43,29
43,350
43,143
44,245
44,158
44,65
45,219
45,146
45,341
46,152
46,202
46,133
47,139
47,384
47,11
48,227
48,33
48,97
49,279
49,42
49,284
50,381
50,28
50,206
51,120
51,233
51,361
52,82
52,330
52,314
53,39
53,233
53,29
54,139
54,326
54,100
55,42
55,174
55,197
56,110
56,318
56,385
57,392
57,271
57,307
58,156
58,261
58,332
59,89
59,348
59,184
60,163
60,353
60,307
61,278
61,169
61,94
62,326
62,337
62,315
63,271
63,140
63,42
64,196
64,158
64,261
65,95
65,319
65,3
66,157
66,142
66,118
67,318
67,231
67,349
68,97
68,349
68,81
69,100
69,29
69,157
70,41
70,7
70,17
71,113
71,295
71,353
72,24
72,378
72,263
73,393
73,341
73,341
74,94
74,24
74,65
75,222
75,312
75,130
76,82
76,227
76,214
77,202
77,321
77,375
78,49
78,112
78,263
79,262
79,349
79,333
80,395
80,318
80,271
81,21
81,332
81,18
82,260
82,232
82,82
83,341
83,273
83,221
84,125
84,148
84,305
85,140
85,346
85,115
86,110
86,141
86,368
87,225
87,360
87,3
88,205
88,384
88,298
89,284
89,301
89,52
90,326
90,398
90,147
91,164
91,97
91,91
92,304
92,7
92,6
93,328
93,341
93,319
94,113
94,344
94,271
95,356
95,253
95,260
96,65
96,269
96,275
97,294
97,70
97,178
98,311
98,113
98,151
99,341
99,28
99,37
100,348
100,233
100,312
101,205
101,262
101,267
102,216
102,270
102,238
103,311
103,263
103,112
104,29
104,15
104,151
105,222
105,273
105,169
106,214
106,174
106,69
107,356
107,49
107,229
108,245
108,128
108,246
109,105
109,37
109,191
110,64
110,65
110,378
111,2
111,262
111,42
112,361
112,385
112,147
113,385
113,263
113,267
114,174
114,387
114,100
115,362
115,83
115,384
116,356
116,202
116,213
117,303
117,196
117,100
118,139
118,116
118,1
119,65
119,164
119,172
120,285
120,354
120,356
121,146
121,65
121,43
122,127
122,52
122,62
123,284
123,48
123,174
124,273
124,89
124,185
125,90
125,305
125,1
126,61
126,271
126,141
127,180
127,62
127,243
128,5
128,5
128,305
129,280
129,208
129,167
130,189
130,233
130,205
131,225
131,351
131,39
132,385
132,171
132,292
133,205
133,308
133,43
134,231
134,233
134,122
135,307
135,292
135,247
136,185
136,173
136,294
137,316
137,146
137,171
138,288
138,13
138,220
139,365
139,363
139,326
140,91
140,302
140,378
141,279
141,390
141,291
142,380
142,348
142,387
143,380
143,276
143,353
144,330
144,13
144,233
145,271
145,341
145,160
146,28
146,63
146,65
147,189
147,371
147,82
148,147
148,369
148,352
149,296
149,182
149,83
150,245
150,115
150,294
151,52
151,315
151,260
152,111
152,395
152,86
153,387
153,42
153,341
154,163
154,321
154,42
155,90
155,65
155,69
156,116
156,88
156,5
157,172
157,127
157,65
158,158
158,64
158,379
159,34
159,216
159,125
160,65
160,316
160,348
161,36
161,71
161,387
162,291
162,148
162,349
163,116
163,385
163,260
164,140
164,220
164,91
165,39
165,363
165,390
166,185
166,306
166,275
167,266
167,80
167,191
168,202
168,41
168,100
169,34
169,99
169,270
170,265
170,261
170,193
171,164
171,112
171,356
172,326
172,86
172,311
173,302
173,308
173,293
174,8
174,176
174,65
175,176
175,387
175,225
176,181
176,140
176,271
177,277
177,390
177,91
178,284
178,191
178,182
179,5
179,115
179,232
180,64
180,131
180,225
181,231
181,322
181,349
182,227
182,368
182,3
183,379
183,67
183,286
184,380
184,289
184,7
185,65
185,105
185,87
186,8
186,379
186,112
187,214
187,97
187,390
188,142
188,65
188,385
189,225
189,311
189,37
190,70
190,346
190,210
191,357
191,128
191,21
192,29
192,305
192,227
193,182
193,387
193,360
194,99
194,127
194,307
195,97
195,7
195,369
196,323
196,6
196,273
197,261
197,236
197,301
198,234
198,263
198,171
199,113
199,385
199,307
200,318
200,263
200,172
201,289
201,54
201,49
202,353
202,202
202,148
203,332
203,140
203,6
204,163
204,21
204,360
205,155
205,225
205,113
206,207
206,100
206,341
207,356
207,3
207,301
208,128
208,44
208,136
209,217
209,28
209,385
210,127
210,325
210,208
211,332
211,346
211,370
212,307
212,196
212,379
213,194
213,306
213,39
214,236
214,285
214,227
215,223
215,98
215,205
216,301
216,387
216,136
217,398
217,222
217,116
218,181
218,357
218,320
219,172
219,8
219,57
220,285
220,380
220,116
221,22
221,3
221,302
222,231
222,231
222,265
223,283
223,348
223,43
224,243
224,210
224,141
225,91
225,3
225,26
226,97
226,140
226,387
227,121
227,276
227,10
228,307
228,315
228,199
229,231
229,341
229,387
230,378
230,290
230,322
231,385
231,131
231,243
232,123
232,328
232,125
233,81
233,227
233,368
234,115
234,348
234,208
235,116
235,393
235,278
236,271
236,106
236,134
237,253
237,86
237,191
238,128
238,247
238,312
239,60
239,223
239,223
240,130
240,5
240,171
241,49
241,233
241,97
242,177
242,365
242,26
243,311
243,95
243,8
244,348
244,113
244,72
245,86
245,279
245,29
246,80
246,164
246,385
247,311
247,315
247,247
248,320
248,223
248,236
249,261
249,312
249,174
250,382
250,301
250,275
251,185
251,45
251,216
252,157
252,129
252,356
253,263
253,22
253,368
254,65
254,82
254,158
255,301
255,86
255,387
256,233
256,295
256,172
257,363
257,42
257,44
258,354
258,222
258,185
259,310
259,199
259,94
260,191
260,113
260,260
261,235
261,81
261,23
262,395
262,29
262,69
263,307
263,47
263,348
264,223
264,271
264,383
265,379
265,122
265,233
266,372
266,202
266,371
267,135
267,285
267,5
268,222
268,123
268,130
269,169
269,198
269,124
270,225
270,225
270,301
271,139
271,23
271,60
272,76
272,20
272,378
273,335
273,296
273,161
274,286
274,302
274,17
275,6
275,307
275,322
276,125
276,225
276,298
277,245
277,7
277,233
278,41
278,185
278,25
279,131
279,312
279,326
280,307
280,385
280,384
281,343
281,260
281,308
282,270
282,263
282,316
283,311
283,43
283,353
284,86
284,185
284,279
285,391
285,236
285,348
286,50
286,365
286,158
287,360
287,365
287,326
288,65
288,13
288,367
289,256
289,301
289,64
290,102
290,185
290,184
291,387
291,390
291,46
292,162
292,84
292,140
293,97
293,353
293,127
294,190
294,292
294,351
295,388
295,385
295,265
296,325
296,257
296,355
297,310
297,7
297,387
298,246
298,320
298,302
299,194
299,162
299,47
300,220
300,8
300,196
301,293
301,387
301,380
302,158
302,13
302,135
303,219
303,246
303,181
304,315
304,121
304,171
305,270
305,172
305,205
306,271
306,114
306,302
307,27
307,91
307,184
308,184
308,158
308,326
309,128
309,245
309,241
310,128
310,225
310,234
311,65
311,308
311,119
312,12
312,398
312,265
313,97
313,32
313,385
314,372
314,267
314,97
315,64
315,399
315,228
316,392
316,98
316,181
317,271
317,368
317,66
318,289
318,6
318,47
319,169
319,99
319,86
320,75
320,185
320,88
321,130
321,272
321,353
322,395
322,52
322,357
323,292
323,116
323,140
324,140
324,13
324,148
325,305
325,315
325,86
326,37
326,139
326,239
327,341
327,319
327,261
328,131
328,152
328,157
329,185
329,180
329,379
330,355
330,233
330,231
331,314
331,110
331,49
332,232
332,126
332,88
333,91
333,161
333,292
334,377
334,91
334,194
335,167
335,392
335,160
336,294
336,260
336,225
337,315
337,302
337,218
338,379
338,13
338,131
339,93
339,325
339,225
340,16
340,263
340,185
341,330
341,194
341,276
342,225
342,295
342,157
343,215
343,29
343,155
344,261
344,385
344,385
345,42
345,61
345,343
346,126
346,199
346,225
347,228
347,307
347,319
348,257
348,225
348,260
349,201
349,368
349,302
350,21
350,115
350,307
351,279
351,367
351,54
352,306
352,158
352,288
353,110
353,21
353,42
354,320
354,118
354,47
355,60
355,369
355,209
356,261
356,185
356,271
357,65
357,116
357,233
358,116
358,377
358,332
359,319
359,316
359,318
360,201
360,164
360,247
361,325
361,225
361,49
362,167
362,90
362,222
363,271
363,375
363,141
364,174
364,108
364,233
365,65
365,318
365,110
366,94
366,279
366,64
367,99
367,227
367,180
368,272
368,174
368,26
369,118
369,387
369,69
370,10
370,298
370,91
371,385
371,314
371,316
372,387
372,233
372,136
373,52
373,217
373,298
374,346
374,250
374,152
375,67
375,127
375,349
376,67
376,379
376,301
377,375
377,65
377,215
378,26
378,224
378,215
379,110
379,161
379,384
380,136
380,185
380,212
381,83
381,327
381,261
382,225
382,18
382,331
383,98
383,262
383,238
384,136
384,295
384,226
385,216
385,64
385,385
386,205
386,42
386,285
387,235
387,279
387,356
388,6
388,320
388,7
389,279
389,205
389,120
390,43
390,377
390,100
391,316
391,115
391,100
392,65
392,65
392,330
393,398
393,28
393,52
394,379
394,245
394,49
395,368
395,52
395,178
396,28
396,384
396,116
397,387
397,34
397,223
398,6
398,388
398,294
399,169
399,29
399,39
