0,1923
0,3479
1,2146
1,2047
2,2559
2,3023
3,3421
3,2283
4,3469
4,487
5,3309
5,2856
6,1214
6,596
7,2067
7,2164
8,353
8,1838
9,1742
9,2593
10,3255
10,2668
11,60
11,326
12,484
12,1402
13,1766
13,2660
14,1625
14,1162
15,3655
15,3777
16,2857
16,98
17,1400
17,1908
18,859
18,1776
19,676
19,2119
20,338
20,636
21,3645
21,37
22,1653
22,3335
23,3032
23,426
24,2533
24,3320
25,2322
25,1264
26,2076
26,3483
27,557
27,2122
28,751
28,309
29,1832
29,2035
30,1298
30,596
31,3226
31,3482
32,1901
32,626
33,3106
33,3222
34,2844
34,3256
35,1069
35,3092
36,3076
36,1710
37,3185
37,362
38,1725
38,3153
39,2606
39,3291
40,3115
40,600
41,601
41,2051
42,1463
42,3547
43,2346
43,1927
44,2562
44,181
45,1101
45,3872
46,145
46,3293
47,3491
47,437
48,2622
48,3684
49,345
49,222
50,3610
50,1243
51,711
51,3503
52,1250
52,1224
53,3259
53,1495
54,2372
54,1761
55,1607
55,1423
56,1971
56,1714
57,2473
57,615
58,493
58,2760
59,851
59,624
60,3668
60,163
61,89
61,1930
62,1626
62,787
63,3009
63,1965
64,3990
64,853
65,2063
65,2987
66,3562
66,3956
67,175
67,2052
68,2510
68,2431
69,1969
69,2488
70,2631
70,3216
71,962
71,52
72,3349
72,1989
73,2564
73,3171
74,1042
74,1886
75,3020
75,2256
76,2277
76,2293
77,1268
77,1653
78,409
78,461
79,3200
79,516
80,2599
80,2552
81,1159
81,1208
82,256
82,3066
83,2530
83,1793
84,3931
84,3727
85,3312
85,922
86,3666
86,113
87,3579
87,2688
88,3769
88,3730
89,3206
89,2979
90,1521
90,395
91,3521
91,3097
92,919
92,2285
93,1632
93,3614
94,1044
94,1250
95,918
95,1440
96,1553
96,3922
97,1411
97,1537
98,235
98,1243
99,3967
99,3039
100,3200
100,1555
101,517
101,18
102,540
102,632
103,2480
103,2329
104,3669
104,291
105,471
105,659
106,3917
106,1458
107,2560
107,2677
108,1419
108,1118
109,1599
109,2247
110,2448
110,1988
111,420
111,1926
112,1666
112,3306
113,3743
113,1838
114,2601
114,1873
115,1185
115,2036
116,50
116,1006
117,2108
117,290
118,2297
118,2127
119,3901
119,158
120,2405
120,2036
121,3606
121,1795
122,2583
122,3728
123,1011
123,3725
124,3419
124,1460
125,2211
125,2007
126,3161
126,729
127,2826
127,568
128,1692
128,3569
129,3355
129,2014
130,3021
130,2026
131,406
131,2977
132,3555
132,1967
133,1543
133,2442
134,1485
134,3197
135,817
135,3963
136,1420
136,737
137,3680
137,3703
138,3785
138,1771
139,1092
139,360
140,1424
140,1543
141,1307
141,461
142,3761
142,2321
143,1723
143,1814
144,847
144,2921
145,3314
145,905
146,1885
146,3782
147,1025
147,3620
148,794
148,1820
149,587
149,2602
150,1406
150,1334
151,166
151,295
152,2231
152,2349
153,1153
153,3059
154,2958
154,2586
155,421
155,2425
156,311
156,116
157,1989
157,1858
158,3006
158,1461
159,2640
159,746
160,226
160,597
161,3562
161,3975
162,1753
162,2766
163,2555
163,1774
164,1951
164,2909
165,644
165,2505
166,1272
166,1646
167,2464
167,225
168,111
168,1143
169,3991
169,1038
170,2875
170,2646
171,3042
171,3886
172,382
172,1855
173,2543
173,3549
174,1726
174,2427
175,271
175,470
176,1678
176,3625
177,2854
177,2567
178,643
178,3777
179,3005
179,1366
180,38
180,454
181,3573
181,1729
182,609
182,2093
183,1424
183,2713
184,1136
184,670
185,3657
185,3399
186,671
186,2469
187,3511
187,542
188,3985
188,2851
189,1667
189,109
190,185
190,2118
191,3251
191,3137
192,1895
192,2846
193,210
193,179
194,1625
194,1987
195,573
195,928
196,246
196,3299
197,2125
197,1823
198,1823
198,1160
199,1897
199,2696
200,642
200,2377
201,2411
201,2447
202,3641
202,2579
203,1030
203,477
204,2705
204,847
205,1713
205,1320
206,3511
206,2635
207,270
207,2662
208,2550
208,3231
209,363
209,2437
210,3818
210,2734
211,3632
211,539
212,3330
212,3408
213,2185
213,2085
214,2436
214,2539
215,1435
215,2867
216,3850
216,1241
217,2568
217,224
218,2682
218,3762
219,1364
219,3257
220,3100
220,1532
221,1199
221,2719
222,2355
222,3024
223,1090
223,2348
224,3381
224,767
225,631
225,293
226,288
226,997
227,502
227,825
228,2229
228,2307
229,1334
229,2024
230,747
230,2392
231,1220
231,1756
232,868
232,1211
233,1191
233,3618
234,1186
234,1403
235,107
235,2304
236,2300
236,2920
237,3112
237,3914
238,215
238,2367
239,2969
239,1144
240,2439
240,2361
241,62
241,2673
242,1137
242,460
243,467
243,2262
244,1490
244,538
245,2501
245,266
246,3198
246,3066
247,772
247,122
248,1690
248,1704
249,717
249,1628
250,1503
250,3589
251,1645
251,1828
252,3404
252,1950
253,206
253,3176
254,2100
254,2798
255,1463
255,1439
256,3281
256,943
257,948
257,3531
258,925
258,3616
259,2535
259,2005
260,1998
260,3296
261,624
261,3788
262,2263
262,2780
263,2545
263,2698
264,3030
264,658
265,3033
265,1453
266,3274
266,1194
267,355
267,3117
268,634
268,2480
269,1519
269,2930
270,1260
270,3246
271,296
271,925
272,2408
272,1384
273,618
273,2990
274,1297
274,937
275,2853
275,1312
276,1901
276,1641
277,3024
277,2381
278,2870
278,252
279,495
279,2511
280,388
280,3918
281,1706
281,1875
282,1105
282,2752
283,2984
283,992
284,1549
284,634
285,3490
285,505
286,2468
286,1284
287,2052
287,1561
288,3009
288,3306
289,1921
289,851
290,911
290,2544
291,962
291,3644
292,30
292,2175
293,2403
293,314
294,344
294,2184
295,3172
295,1436
296,2031
296,3177
297,790
297,780
298,2427
298,1336
299,2586
299,2702
300,3217
300,2618
301,1079
301,1092
302,3112
302,1485
303,2731
303,1070
304,3382
304,2524
305,1368
305,3926
306,3579
306,2483
307,1787
307,1913
308,802
308,1874
309,2128
309,3293
310,2009
310,1553
311,963
311,2203
312,892
312,3522
313,2427
313,3912
314,2153
314,3083
315,1573
315,3723
316,1638
316,3445
317,1828
317,723
318,1072
318,1122
319,2618
319,2709
320,687
320,649
321,301
321,3864
322,3719
322,3019
323,1758
323,3092
324,132
324,1339
325,3608
325,3393
326,2790
326,3029
327,2755
327,2660
328,364
328,732
329,2759
329,2952
330,2052
330,1511
331,2960
331,435
332,2381
332,3226
333,2823
333,126
334,2691
334,1587
335,3769
335,2689
336,1105
336,1175
337,876
337,1041
338,496
338,3992
339,2164
339,722
340,3778
340,2395
341,730
341,1810
342,3974
342,703
343,191
343,773
344,921
344,976
345,634
345,3514
346,2587
346,3811
347,3358
347,117
348,2875
348,2253
349,2130
349,3957
350,1443
350,1276
351,1790
351,2567
352,3437
352,2804
353,1296
353,3267
354,163
354,3029
355,1988
355,3797
356,2395
356,3763
357,2424
357,1206
358,305
358,345
359,1487
359,3852
360,3636
360,2453
361,3452
361,1544
362,3045
362,3523
363,1320
363,660
364,1134
364,2037
365,2005
365,2973
366,2076
366,929
367,1939
367,2916
368,2405
368,3659
369,1609
369,3400
370,3137
370,3091
371,89
371,874
372,1761
372,1269
373,1474
373,322
374,907
374,1817
375,2304
375,3077
376,3362
376,1467
377,3436
377,146
378,3761
378,788
379,2435
379,3748
380,3451
380,887
381,1862
381,2477
382,1215
382,1395
383,1463
383,3352
384,667
384,724
385,950
385,3358
386,3068
386,2185
387,2237
387,3899
388,37
388,2892
389,2231
389,498
390,1149
390,1688
391,2282
391,952
392,3947
392,3115
393,179
393,2631
394,56
394,653
395,692
395,3466
396,634
396,1182
397,3828
397,119
398,3322
398,1534
399,45
399,2318
400,1500
400,1393
401,1978
401,3059
402,1693
402,3571
403,1683
403,3372
404,2259
404,3709
405,2488
405,1069
406,2224
406,686
407,1777
407,2155
408,836
408,1744
409,2900
409,406
410,3042
410,2314
411,3718
411,1738
412,1029
412,3334
413,1542
413,28
414,1622
414,2278
415,1552
415,2727
416,2272
416,209
417,3089
417,2638
418,1732
418,3545
419,1972
419,19
420,1403
420,2813
421,3890
421,996
422,203
422,2651
423,2945
423,1293
424,670
424,2912
425,1881
425,3573
426,1512
426,3207
427,3869
427,1338
428,1944
428,3331
429,3649
429,1122
430,2108
430,3543
431,3032
431,2411
432,604
432,1474
433,3010
433,6
434,3296
434,1133
435,1430
435,34
436,1868
436,383
437,1347
437,724
438,3366
438,553
439,2387
439,3707
440,3771
440,11
441,774
441,571
442,2245
442,2914
443,2315
443,90
444,2396
444,25
445,3987
445,3607
446,574
446,2494
447,676
447,3789
448,1353
448,3510
449,3344
449,2272
450,1541
450,3179
451,2858
451,2938
452,3514
452,2074
453,1116
453,1867
454,2804
454,166
455,1587
455,977
456,480
456,785
457,479
457,891
458,3147
458,2577
459,2013
459,1578
460,3802
460,1697
461,668
461,3927
462,3918
462,2287
463,1762
463,3738
464,2586
464,1947
465,2679
465,1049
466,2690
466,1656
467,2508
467,292
468,3440
468,412
469,1567
469,1694
470,287
470,2616
471,2843
471,1568
472,3505
472,1956
473,1033
473,2245
474,404
474,1590
475,1024
475,2609
476,2437
476,757
477,3072
477,1213
478,4
478,3072
479,1969
479,1534
480,1398
480,987
481,3264
481,1250
482,963
482,1496
483,1711
483,952
484,3496
484,2098
485,1312
485,3278
486,3734
486,2189
487,1141
487,2808
488,578
488,3440
489,24
489,746
490,2231
490,1211
491,1434
491,785
492,1368
492,3372
493,62
493,1762
494,1287
494,1048
495,3972
495,1484
496,1865
496,3053
497,944
497,1991
498,1918
498,2173
499,3536
499,919
500,2914
500,3623
501,3301
501,1975
502,15
502,488
503,2628
503,2691
504,1996
504,85
505,1203
505,1551
506,1419
506,2693
507,2556
507,731
508,1963
508,2001
509,3974
509,1672
510,3925
510,1473
511,2511
511,2855
512,2031
512,246
513,387
513,3527
514,2324
514,1002
515,2976
515,1042
516,1399
516,3629
517,3869
517,632
518,2754
518,3457
519,3923
519,2334
520,530
520,115
521,3238
521,3974
522,1329
522,1362
523,812
523,2418
524,3767
524,1359
525,1000
525,3518
526,807
526,556
527,3891
527,3312
528,2777
528,3247
529,3004
529,1317
530,2254
530,2796
531,338
531,1414
532,2853
532,413
533,1363
533,3570
534,2147
534,3365
535,1701
535,812
536,1407
536,390
537,811
537,1264
538,3613
538,3839
539,2839
539,2535
540,997
540,1233
541,348
541,62
542,285
542,1152
543,3449
543,1816
544,2992
544,2316
545,544
545,1745
546,1281
546,1660
547,1900
547,1215
548,2810
548,3763
549,3872
549,2586
550,3671
550,1958
551,3261
551,716
552,1782
552,2837
553,1659
553,66
554,397
554,1252
555,3838
555,2216
556,1222
556,1081
557,2344
557,811
558,1898
558,3604
559,1606
559,121
560,1953
560,3421
561,2589
561,342
562,3983
562,2641
563,3992
563,1575
564,360
564,2341
565,3578
565,3755
566,1880
566,716
567,257
567,1874
568,3482
568,1427
569,2389
569,1654
570,352
570,3434
571,2634
571,878
572,1724
572,2386
573,1610
573,413
574,1269
574,2451
575,2950
575,242
576,423
576,1081
577,1272
577,1304
578,1620
578,926
579,3100
579,2855
580,2023
580,396
581,3915
581,328
582,1273
582,3530
583,3679
583,1391
584,3792
584,1181
585,3285
585,1022
586,2423
586,2370
587,3297
587,1958
588,3291
588,3146
589,2320
589,1325
590,1939
590,3524
591,3374
591,3095
592,2039
592,3907
593,1938
593,551
594,3521
594,2583
595,3062
595,2950
596,1206
596,1822
597,3208
597,525
598,3582
598,1938
599,1308
599,3826
600,3906
600,694
601,3748
601,1318
602,3735
602,744
603,1623
603,1738
604,2753
604,579
605,836
605,2117
606,3330
606,2055
607,2463
607,611
608,1033
608,2190
609,2351
609,3415
610,734
610,3431
611,1441
611,2611
612,566
612,3979
613,1708
613,3324
614,3511
614,3827
615,764
615,314
616,2874
616,2108
617,1179
617,333
618,3122
618,857
619,3899
619,1777
620,513
620,3505
621,1934
621,3398
622,3699
622,1925
623,3553
623,2616
624,351
624,467
625,810
625,214
626,508
626,932
627,2056
627,932
628,2861
628,1999
629,2551
629,1123
630,2521
630,582
631,221
631,1887
632,3274
632,2200
633,2712
633,2798
634,1425
634,25
635,888
635,3830
636,488
636,1297
637,3347
637,2886
638,3922
638,3880
639,1368
639,2538
640,3897
640,788
641,654
641,1472
642,629
642,2589
643,605
643,3247
644,2194
644,1693
645,3163
645,3011
646,559
646,1072
647,189
647,1879
648,2008
648,1875
649,2042
649,774
650,321
650,2119
651,1569
651,694
652,333
652,563
653,2845
653,2871
654,1631
654,219
655,1132
655,3739
656,1566
656,3309
657,580
657,1252
658,2285
658,5
659,338
659,1113
660,2243
660,3788
661,965
661,210
662,1346
662,1523
663,269
663,760
664,2893
664,1439
665,993
665,3944
666,1613
666,1727
667,1896
667,3571
668,2659
668,277
669,3460
669,1231
670,2680
670,1687
671,1438
671,1435
672,609
672,1572
673,18
673,270
674,2888
674,2099
675,156
675,2806
676,3801
676,3713
677,2236
677,49
678,523
678,3263
679,2891
679,1305
680,2870
680,270
681,3022
681,1360
682,1862
682,1409
683,1618
683,2482
684,726
684,3952
685,2520
685,2488
686,1027
686,1298
687,3187
687,1461
688,2263
688,3741
689,1885
689,360
690,3354
690,2344
691,168
691,3481
692,95
692,3355
693,3085
693,3445
694,1109
694,2956
695,944
695,1224
696,2587
696,3598
697,1377
697,2493
698,802
698,1924
699,3673
699,2623
700,439
700,2803
701,525
701,2753
702,849
702,1185
703,3228
703,508
704,3918
704,1132
705,2638
705,3270
706,3610
706,3573
707,618
707,3233
708,2336
708,2500
709,1840
709,21
710,3998
710,1955
711,1198
711,2415
712,2099
712,1318
713,722
713,966
714,3739
714,1619
715,3996
715,705
716,3643
716,538
717,3049
717,816
718,2258
718,51
719,1105
719,936
720,432
720,1656
721,3725
721,547
722,289
722,1806
723,1510
723,3648
724,2313
724,3780
725,3874
725,2061
726,3841
726,1396
727,3822
727,1063
728,2354
728,638
729,1002
729,1871
730,1710
730,1063
731,67
731,3959
732,3029
732,868
733,1315
733,2989
734,2552
734,3847
735,3971
735,2914
736,429
736,1520
737,1990
737,2213
738,2111
738,1838
739,2070
739,2936
740,3694
740,595
741,2058
741,1176
742,2649
742,2515
743,2544
743,3887
744,1944
744,3039
745,1520
745,490
746,1348
746,2400
747,3866
747,1218
748,91
748,3830
749,193
749,1133
750,3951
750,1954
751,999
751,903
752,404
752,2469
753,433
753,2977
754,1297
754,3405
755,852
755,1054
756,3042
756,1696
757,1053
757,3774
758,177
758,3703
759,2246
759,3112
760,3366
760,1160
761,3411
761,209
762,1307
762,3281
763,1832
763,129
764,675
764,3315
765,847
765,3933
766,3607
766,867
767,2251
767,765
768,2235
768,2703
769,433
769,3423
770,2514
770,2733
771,2181
771,3492
772,2479
772,2845
773,2408
773,1171
774,1868
774,610
775,1741
775,2523
776,2184
776,2634
777,1966
777,662
778,3762
778,3904
779,1459
779,2173
780,3016
780,1061
781,2093
781,1561
782,3428
782,3805
783,1913
783,1329
784,38
784,1603
785,3232
785,1189
786,1517
786,1013
787,3196
787,2586
788,26
788,1164
789,3626
789,853
790,386
790,3390
791,3462
791,3773
792,3844
792,3795
793,3809
793,2229
794,1453
794,3072
795,223
795,1502
796,3528
796,2317
797,53
797,212
798,1080
798,1355
799,3477
799,3194
800,1730
800,3260
801,1206
801,1542
802,3140
802,336
803,2564
803,1481
804,1614
804,1025
805,3140
805,169
806,403
806,1560
807,1986
807,3940
808,3172
808,3368
809,1930
809,3999
810,1604
810,762
811,110
811,875
812,2403
812,1070
813,3562
813,1464
814,3304
814,2921
815,669
815,3095
816,3074
816,750
817,3569
817,1375
818,1038
818,790
819,3208
819,700
820,147
820,3554
821,268
821,566
822,1142
822,3963
823,1083
823,543
824,396
824,3308
825,3324
825,2991
826,3597
826,2452
827,2368
827,2715
828,1997
828,879
829,3663
829,1029
830,2684
830,2122
831,563
831,2020
832,1007
832,2119
833,1427
833,62
834,3724
834,2569
835,2388
835,2886
836,2222
836,3585
837,2984
837,1255
838,741
838,3461
839,2396
839,3993
840,3337
840,2123
841,3632
841,117
842,3563
842,1776
843,2475
843,3612
844,810
844,3186
845,3574
845,139
846,3498
846,2760
847,2790
847,1215
848,1587
848,2495
849,1820
849,3747
850,129
850,2538
851,1620
851,1159
852,308
852,1319
853,736
853,2078
854,2832
854,1656
855,3072
855,3933
856,3119
856,1915
857,3563
857,1989
858,2959
858,1864
859,3447
859,3870
860,3864
860,688
861,3439
861,930
862,206
862,2868
863,2945
863,2214
864,2914
864,487
865,1024
865,3160
866,1128
866,3139
867,3763
867,3527
868,443
868,3844
869,1784
869,3206
870,3015
870,2758
871,1230
871,1639
872,1400
872,1540
873,1627
873,2751
874,3931
874,1200
875,3052
875,89
876,1529
876,1683
877,573
877,282
878,2456
878,3622
879,1126
879,2093
880,49
880,2547
881,1626
881,94
882,1561
882,3742
883,2400
883,254
884,1593
884,3968
885,3031
885,490
886,3067
886,1306
887,138
887,2927
888,2231
888,2755
889,409
889,2555
890,3835
890,140
891,883
891,445
892,414
892,187
893,146
893,3498
894,1590
894,2915
895,2394
895,1982
896,1516
896,953
897,567
897,674
898,1041
898,975
899,434
899,1071
900,351
900,808
901,3127
901,3596
902,2090
902,611
903,2082
903,3837
904,3715
904,2830
905,3580
905,2648
906,1200
906,351
907,2796
907,2782
908,3767
908,1672
909,1268
909,583
910,2440
910,272
911,1368
911,2543
912,2394
912,3763
913,3903
913,2758
914,663
914,14
915,2203
915,1613
916,2074
916,1958
917,466
917,3685
918,3125
918,117
919,3543
919,3378
920,1757
920,3945
921,3886
921,1202
922,2557
922,3769
923,1744
923,21
924,2113
924,1520
925,3147
925,1996
926,2009
926,1351
927,2411
927,3733
928,1189
928,3481
929,3451
929,3749
930,831
930,858
931,867
931,3891
932,1739
932,2494
933,2790
933,1042
934,79
934,78
935,1756
935,3468
936,1358
936,3827
937,2711
937,1181
938,2836
938,2411
939,1087
939,1361
940,172
940,1072
941,2884
941,3360
942,3197
942,3391
943,1146
943,883
944,2660
944,1752
945,115
945,3451
946,1588
946,461
947,2823
947,265
948,2352
948,1992
949,2727
949,2496
950,1641
950,1764
951,3395
951,333
952,130
952,3438
953,3008
953,3650
954,3186
954,1191
955,3816
955,1115
956,2450
956,1768
957,310
957,1447
958,3218
958,614
959,1259
959,1097
960,901
960,1363
961,2441
961,1918
962,3274
962,1412
963,2331
963,1631
964,775
964,2429
965,1055
965,988
966,2771
966,661
967,1468
967,3855
968,1814
968,141
969,1935
969,3216
970,292
970,173
971,1464
971,1260
972,1944
972,2648
973,35
973,3006
974,891
974,3643
975,3937
975,270
976,435
976,2385
977,2355
977,2613
978,3065
978,1218
979,1666
979,376
980,1758
980,3639
981,615
981,491
982,1989
982,3793
983,3195
983,2722
984,3893
984,3143
985,898
985,2875
986,3721
986,1508
987,2347
987,2843
988,2480
988,71
989,2645
989,2315
990,3023
990,3754
991,36
991,3071
992,2692
992,2589
993,3680
993,1613
994,2284
994,1082
995,2406
995,1124
996,2732
996,1529
997,1971
997,2044
998,2712
998,109
999,1888
999,1868
1000,2100
1000,2512
1001,1499
1001,946
1002,2060
1002,776
1003,3135
1003,1503
1004,2777
1004,858
1005,3351
1005,2952
1006,2640
1006,3045
1007,416
1007,1544
1008,794
1008,3239
1009,2575
1009,3839
1010,1949
1010,2072
1011,1445
1011,1237
1012,1565
1012,2113
1013,1904
1013,2575
1014,770
1014,975
1015,2225
1015,1322
1016,244
1016,1763
1017,309
1017,203
1018,1009
1018,491
1019,3387
1019,3660
1020,2956
1020,697
1021,1029
1021,325
1022,250
1022,985
1023,1825
1023,3428
1024,842
1024,2020
1025,2706
1025,3368
1026,3748
1026,2519
1027,2331
1027,458
1028,2530
1028,1910
1029,1960
1029,3039
1030,697
1030,2818
1031,3525
1031,79
1032,590
1032,382
1033,2198
1033,541
1034,476
1034,1388
1035,1409
1035,256
1036,96
1036,3822
1037,890
1037,3286
1038,2763
1038,2906
1039,172
1039,2427
1040,1759
1040,3399
1041,3015
1041,3790
1042,2406
1042,571
1043,2493
1043,482
1044,2424
1044,1118
1045,1966
1045,3168
1046,1231
1046,1789
1047,3286
1047,595
1048,3593
1048,1450
1049,2773
1049,608
1050,2215
1050,2406
1051,2320
1051,3677
1052,2078
1052,3811
1053,1985
1053,2841
1054,2191
1054,2176
1055,3626
1055,1465
1056,2053
1056,3809
1057,3950
1057,3355
1058,565
1058,2009
1059,3889
1059,496
1060,2121
1060,931
1061,2693
1061,1796
1062,3541
1062,1662
1063,371
1063,3713
1064,1736
1064,2062
1065,2886
1065,2817
1066,1376
1066,2004
1067,3116
1067,2811
1068,3759
1068,3239
1069,2116
1069,1547
1070,3936
1070,1550
1071,468
1071,2761
1072,894
1072,1110
1073,2741
1073,1748
1074,3751
1074,3340
1075,681
1075,995
1076,541
1076,690
1077,2334
1077,1628
1078,2332
1078,1644
1079,657
1079,2396
1080,2734
1080,1240
1081,2672
1081,3474
1082,3758
1082,2618
1083,1491
1083,1951
1084,1652
1084,3752
1085,1045
1085,458
1086,478
1086,2274
1087,3977
1087,2740
1088,3134
1088,365
1089,1082
1089,1845
1090,1806
1090,1399
1091,3877
1091,3059
1092,601
1092,320
1093,1142
1093,684
1094,878
1094,2452
1095,219
1095,642
1096,3695
1096,711
1097,2025
1097,3962
1098,94
1098,1049
1099,333
1099,781
1100,3512
1100,230
1101,1755
1101,3960
1102,42
1102,3483
1103,125
1103,1828
1104,250
1104,1701
1105,862
1105,3118
1106,408
1106,1749
1107,1724
1107,543
1108,1247
1108,146
1109,599
1109,1270
1110,1808
1110,3532
1111,3613
1111,77
1112,2682
1112,2959
1113,1811
1113,1168
1114,3477
1114,2759
1115,2556
1115,1828
1116,1563
1116,2336
1117,395
1117,2523
1118,936
1118,3158
1119,1848
1119,835
1120,769
1120,2409
1121,1913
1121,1969
1122,3667
1122,3956
1123,3970
1123,2709
1124,177
1124,787
1125,2141
1125,1095
1126,3575
1126,1418
1127,1865
1127,3567
1128,3359
1128,3901
1129,1934
1129,631
1130,2552
1130,3994
1131,2970
1131,2447
1132,3576
1132,3406
1133,1182
1133,1081
1134,2488
1134,1381
1135,855
1135,724
1136,2467
1136,360
1137,128
1137,3760
1138,3232
1138,1657
1139,1213
1139,3096
1140,2205
1140,3756
1141,292
1141,1707
1142,1919
1142,2051
1143,2706
1143,2732
1144,295
1144,1907
1145,2468
1145,3243
1146,924
1146,3871
1147,907
1147,3797
1148,276
1148,2122
1149,1302
1149,856
1150,1987
1150,520
1151,2145
1151,1073
1152,2544
1152,2546
1153,3283
1153,3062
1154,180
1154,1985
1155,1367
1155,1105
1156,1457
1156,3221
1157,434
1157,481
1158,722
1158,1647
1159,1861
1159,3861
1160,1031
1160,989
1161,211
1161,522
1162,760
1162,2009
1163,493
1163,3320
1164,292
1164,340
1165,1981
1165,1646
1166,3696
1166,2246
1167,2018
1167,2561
1168,790
1168,1069
1169,2485
1169,3106
1170,3100
1170,738
1171,2847
1171,3358
1172,2928
1172,1003
1173,1793
1173,469
1174,3839
1174,3672
1175,3257
1175,223
1176,2223
1176,3819
1177,2354
1177,3999
1178,2849
1178,2467
1179,1637
1179,3925
1180,2766
1180,650
1181,3299
1181,1301
1182,1054
1182,61
1183,3106
1183,1950
1184,1625
1184,2206
1185,167
1185,209
1186,2864
1186,3475
1187,1528
1187,3500
1188,3479
1188,198
1189,1012
1189,536
1190,2976
1190,1945
1191,2941
1191,1208
1192,2128
1192,2137
1193,622
1193,1939
1194,1762
1194,2071
1195,3206
1195,3983
1196,971
1196,3768
1197,605
1197,781
1198,2167
1198,3174
1199,3372
1199,190
1200,2001
1200,3803
1201,3445
1201,407
1202,956
1202,2221
1203,3283
1203,2388
1204,798
1204,1750
1205,2338
1205,1111
1206,109
1206,583
1207,3206
1207,111
1208,2602
1208,2926
1209,930
1209,1392
1210,3220
1210,2862
1211,2503
1211,1050
1212,1665
1212,1339
1213,1908
1213,911
1214,1790
1214,3045
1215,3928
1215,556
1216,2756
1216,2053
1217,2471
1217,1305
1218,570
1218,3420
1219,2453
1219,2907
1220,465
1220,2569
1221,161
1221,258
1222,2318
1222,1230
1223,3655
1223,3815
1224,249
1224,1423
1225,1932
1225,2604
1226,1079
1226,37
1227,175
1227,2366
1228,709
1228,198
1229,3662
1229,211
1230,2387
1230,3280
1231,2135
1231,2310
1232,50
1232,648
1233,2080
1233,1850
1234,3000
1234,1412
1235,1878
1235,809
1236,527
1236,3255
1237,3855
1237,3260
1238,1181
1238,3281
1239,578
1239,316
1240,438
1240,2783
1241,1595
1241,2437
1242,1707
1242,3291
1243,2683
1243,2948
1244,61
1244,1593
1245,521
1245,2335
1246,1571
1246,750
1247,2493
1247,1620
1248,144
1248,2436
1249,3497
1249,1804
1250,3631
1250,3142
1251,2476
1251,3956
1252,3516
1252,3696
1253,2491
1253,1766
1254,191
1254,1974
1255,3692
1255,3141
1256,2228
1256,1316
1257,3735
1257,3785
1258,2575
1258,1838
1259,3708
1259,2230
1260,2783
1260,1911
1261,2749
1261,1220
1262,380
1262,871
1263,1305
1263,1831
1264,576
1264,2986
1265,548
1265,3799
1266,3437
1266,2161
1267,3436
1267,3244
1268,1486
1268,2737
1269,2146
1269,2087
1270,1620
1270,340
1271,3141
1271,1252
1272,713
1272,3872
1273,877
1273,2159
1274,1737
1274,3071
1275,1105
1275,1370
1276,1728
1276,2978
1277,2804
1277,2614
1278,1354
1278,562
1279,604
1279,1082
1280,1669
1280,3728
1281,2067
1281,2180
1282,3445
1282,1977
1283,3614
1283,3244
1284,2607
1284,3679
1285,476
1285,2003
1286,3266
1286,3503
1287,1108
1287,83
1288,2226
1288,3998
1289,3598
1289,3086
1290,1805
1290,2598
1291,1238
1291,627
1292,1781
1292,3663
1293,3822
1293,933
1294,2382
1294,2246
1295,3864
1295,3773
1296,2278
1296,3163
1297,2570
1297,2244
1298,1423
1298,2090
1299,1944
1299,2656
1300,2085
1300,272
1301,2927
1301,3782
1302,2568
1302,3074
1303,3579
1303,2309
1304,2000
1304,1409
1305,2231
1305,1831
1306,3961
1306,2395
1307,750
1307,2813
1308,248
1308,3914
1309,1972
1309,3902
1310,2612
1310,3578
1311,1893
1311,2669
1312,2387
1312,1762
1313,3807
1313,3831
1314,2488
1314,2049
1315,1691
1315,1240
1316,1874
1316,2212
1317,2906
1317,2889
1318,101
1318,1434
1319,3125
1319,2996
1320,679
1320,2940
1321,3629
1321,3029
1322,3404
1322,1357
1323,1814
1323,1757
1324,2898
1324,337
1325,1111
1325,2161
1326,155
1326,3
1327,1422
1327,1271
1328,3622
1328,554
1329,1773
1329,3789
1330,3481
1330,245
1331,109
1331,2546
1332,2306
1332,3407
1333,1460
1333,392
1334,316
1334,2912
1335,2744
1335,1404
1336,3925
1336,2495
1337,1936
1337,1687
1338,1552
1338,1939
1339,580
1339,2153
1340,870
1340,220
1341,2649
1341,3662
1342,1712
1342,845
1343,3556
1343,2832
1344,1638
1344,1470
1345,783
1345,1824
1346,1737
1346,2047
1347,2006
1347,51
1348,644
1348,182
1349,2802
1349,694
1350,1382
1350,1457
1351,760
1351,3579
1352,2421
1352,16
1353,3271
1353,1206
1354,482
1354,2782
1355,2372
1355,938
1356,3270
1356,704
1357,3748
1357,811
1358,3416
1358,3934
1359,1983
1359,1903
1360,2641
1360,2419
1361,435
1361,2181
1362,2229
1362,2387
1363,263
1363,534
1364,3153
1364,134
1365,3832
1365,1749
1366,2104
1366,3372
1367,1783
1367,1771
1368,891
1368,1622
1369,1217
1369,560
1370,1709
1370,3822
1371,3903
1371,1168
1372,505
1372,1953
1373,2368
1373,1915
1374,3440
1374,3817
1375,1199
1375,587
1376,352
1376,311
1377,1406
1377,2542
1378,1386
1378,1748
1379,3131
1379,1995
1380,3379
1380,1795
1381,439
1381,682
1382,801
1382,3826
1383,637
1383,3352
1384,624
1384,2828
1385,3500
1385,2525
1386,3035
1386,1195
1387,3007
1387,349
1388,953
1388,1086
1389,771
1389,210
1390,2869
1390,3219
1391,3795
1391,3987
1392,667
1392,2896
1393,2385
1393,397
1394,1359
1394,1383
1395,1189
1395,156
1396,3953
1396,3064
1397,643
1397,2504
1398,850
1398,2487
1399,762
1399,3319
1400,3359
1400,758
1401,3120
1401,2658
1402,3847
1402,2046
1403,8
1403,503
1404,3263
1404,613
1405,3307
1405,1733
1406,2347
1406,2866
1407,1579
1407,1756
1408,35
1408,1367
1409,242
1409,439
1410,3704
1410,1730
1411,1243
1411,1181
1412,3617
1412,1362
1413,2224
1413,1611
1414,1851
1414,3944
1415,84
1415,815
1416,160
1416,3037
1417,2910
1417,1994
1418,583
1418,2626
1419,3883
1419,2114
1420,1936
1420,2670
1421,2591
1421,137
1422,1343
1422,776
1423,2172
1423,1284
1424,3247
1424,1411
1425,3857
1425,1196
1426,2669
1426,3023
1427,1895
1427,1446
1428,583
1428,2554
1429,733
1429,1457
1430,1267
1430,791
1431,3343
1431,364
1432,1837
1432,2150
1433,162
1433,721
1434,19
1434,1756
1435,1885
1435,2492
1436,1691
1436,1127
1437,2813
1437,763
1438,68
1438,775
1439,2697
1439,1996
1440,3542
1440,532
1441,3372
1441,2597
1442,1643
1442,3314
1443,2302
1443,192
1444,1121
1444,370
1445,1819
1445,1514
1446,2263
1446,450
1447,2467
1447,942
1448,3265
1448,484
1449,3470
1449,312
1450,104
1450,1160
1451,2020
1451,320
1452,2950
1452,1075
1453,3633
1453,1861
1454,1763
1454,244
1455,3139
1455,1690
1456,1120
1456,3487
1457,1796
1457,704
1458,1141
1458,2989
1459,337
1459,1391
1460,1955
1460,2279
1461,787
1461,1016
1462,1104
1462,3061
1463,2856
1463,2186
1464,3048
1464,1810
1465,1936
1465,695
1466,1207
1466,3768
1467,950
1467,3692
1468,3334
1468,686
1469,1658
1469,1072
1470,2293
1470,2541
1471,3056
1471,2811
1472,974
1472,2377
1473,934
1473,2375
1474,800
1474,2749
1475,2491
1475,1222
1476,2487
1476,50
1477,1905
1477,81
1478,674
1478,937
1479,1744
1479,1433
1480,1469
1480,761
1481,1699
1481,2277
1482,3010
1482,1109
1483,984
1483,2
1484,382
1484,2073
1485,986
1485,277
1486,148
1486,2653
1487,3870
1487,867
1488,1723
1488,1049
1489,1494
1489,813
1490,2270
1490,626
1491,5
1491,787
1492,2324
1492,844
1493,3646
1493,2205
1494,106
1494,2271
1495,331
1495,2999
1496,2982
1496,2683
1497,3225
1497,1589
1498,2543
1498,298
1499,2536
1499,1400
1500,2578
1500,1597
1501,3909
1501,2633
1502,2566
1502,3669
1503,3698
1503,2783
1504,476
1504,1123
1505,127
1505,1379
1506,1314
1506,265
1507,3649
1507,449
1508,2476
1508,1176
1509,1390
1509,3978
1510,553
1510,3574
1511,82
1511,720
1512,1598
1512,941
1513,1719
1513,2926
1514,307
1514,1380
1515,234
1515,3317
1516,1646
1516,2305
1517,3737
1517,3746
1518,425
1518,2481
1519,1390
1519,1562
1520,2118
1520,3675
1521,2603
1521,517
1522,2325
1522,620
1523,3285
1523,1006
1524,2799
1524,679
1525,1811
1525,191
1526,1333
1526,1675
1527,3280
1527,393
1528,3238
1528,1737
1529,620
1529,1980
1530,3405
1530,2253
1531,3645
1531,2526
1532,1127
1532,429
1533,2401
1533,2053
1534,1381
1534,3833
1535,1581
1535,3395
1536,188
1536,3995
1537,1046
1537,154
1538,2719
1538,2315
1539,3055
1539,2339
1540,1864
1540,2917
1541,2958
1541,2516
1542,2298
1542,3756
1543,2769
1543,2862
1544,1290
1544,3177
1545,490
1545,3467
1546,1511
1546,874
1547,2195
1547,1142
1548,3946
1548,2378
1549,595
1549,35
1550,1256
1550,3676
1551,772
1551,2127
1552,3022
1552,3227
1553,3024
1553,1108
1554,2050
1554,3698
1555,364
1555,2534
1556,489
1556,1
1557,1755
1557,2685
1558,732
1558,106
1559,1224
1559,3146
1560,709
1560,3959
1561,1677
1561,2217
1562,668
1562,3040
1563,96
1563,1791
1564,2145
1564,3488
1565,1675
1565,2051
1566,1103
1566,2250
1567,2663
1567,3448
1568,3874
1568,3375
1569,1395
1569,1556
1570,2913
1570,2648
1571,754
1571,1336
1572,3976
1572,1086
1573,921
1573,3849
1574,1407
1574,2686
1575,1187
1575,2988
1576,2688
1576,109
1577,2115
1577,2
1578,2085
1578,384
1579,3812
1579,15
1580,2384
1580,179
1581,1920
1581,2557
1582,1604
1582,3439
1583,3679
1583,171
1584,985
1584,1766
1585,923
1585,3407
1586,2677
1586,739
1587,992
1587,3093
1588,600
1588,410
1589,1242
1589,3624
1590,3867
1590,2612
1591,65
1591,1386
1592,1346
1592,1463
1593,111
1593,332
1594,22
1594,1290
1595,675
1595,1262
1596,1432
1596,1023
1597,1729
1597,2477
1598,2925
1598,3441
1599,3874
1599,997
1600,3361
1600,3745
1601,3908
1601,1834
1602,2100
1602,3959
1603,559
1603,613
1604,32
1604,3131
1605,2313
1605,1243
1606,721
1606,3430
1607,1468
1607,2548
1608,750
1608,1135
1609,2391
1609,2490
1610,2017
1610,2679
1611,560
1611,367
1612,63
1612,393
1613,323
1613,726
1614,1310
1614,2643
1615,218
1615,1742
1616,1945
1616,741
1617,3284
1617,2900
1618,741
1618,2688
1619,1140
1619,3048
1620,3984
1620,3740
1621,2766
1621,3228
1622,1521
1622,3904
1623,1285
1623,1879
1624,433
1624,1917
1625,118
1625,645
1626,2775
1626,3175
1627,739
1627,3242
1628,3958
1628,1657
1629,86
1629,2985
1630,1226
1630,2711
1631,1897
1631,3718
1632,1826
1632,313
1633,2928
1633,3850
1634,1397
1634,759
1635,996
1635,606
1636,1629
1636,2286
1637,1269
1637,782
1638,1302
1638,2480
1639,2737
1639,2649
1640,2635
1640,1992
1641,223
1641,621
1642,1235
1642,2824
1643,2062
1643,3654
1644,1236
1644,1488
1645,308
1645,3189
1646,164
1646,3721
1647,1428
1647,3035
1648,548
1648,1754
1649,1339
1649,1552
1650,766
1650,3844
1651,1962
1651,1208
1652,3407
1652,914
1653,1639
1653,2874
1654,1857
1654,965
1655,2994
1655,2232
1656,3339
1656,1110
1657,3165
1657,1079
1658,3668
1658,1323
1659,2792
1659,3217
1660,3101
1660,1761
1661,1418
1661,2448
1662,1487
1662,3130
1663,13
1663,849
1664,2228
1664,3119
1665,3018
1665,691
1666,2375
1666,2081
1667,3394
1667,3982
1668,3839
1668,679
1669,1190
1669,157
1670,3747
1670,2550
1671,2890
1671,1318
1672,2692
1672,1371
1673,673
1673,6
1674,2520
1674,3330
1675,338
1675,283
1676,1769
1676,2370
1677,194
1677,1707
1678,3128
1678,3501
1679,785
1679,807
1680,1256
1680,3885
1681,80
1681,661
1682,1645
1682,3039
1683,2235
1683,3023
1684,3850
1684,1842
1685,1822
1685,2025
1686,1501
1686,888
1687,90
1687,3519
1688,3236
1688,3811
1689,3633
1689,325
1690,2719
1690,3515
1691,1248
1691,3641
1692,2169
1692,1116
1693,3606
1693,362
1694,2305
1694,2992
1695,1671
1695,3999
1696,3353
1696,1079
1697,707
1697,1358
1698,3661
1698,1237
1699,1205
1699,3112
1700,329
1700,2242
1701,2690
1701,881
1702,668
1702,1230
1703,260
1703,3146
1704,2088
1704,291
1705,2161
1705,1636
1706,1274
1706,3939
1707,1511
1707,1136
1708,2208
1708,2815
1709,1894
1709,3160
1710,3664
1710,564
1711,795
1711,3905
1712,2378
1712,2502
1713,2406
1713,900
1714,1780
1714,2340
1715,728
1715,1188
1716,2854
1716,1042
1717,3065
1717,3130
1718,983
1718,3540
1719,437
1719,2734
1720,454
1720,3597
1721,2215
1721,3036
1722,3440
1722,1696
1723,2861
1723,1604
1724,1269
1724,511
1725,3364
1725,145
1726,1730
1726,1139
1727,1185
1727,944
1728,3967
1728,3855
1729,2693
1729,3090
1730,2262
1730,3899
1731,1302
1731,138
1732,1126
1732,2867
1733,3560
1733,362
1734,2208
1734,2222
1735,3585
1735,3631
1736,1634
1736,1069
1737,1819
1737,586
1738,2035
1738,2562
1739,3784
1739,3104
1740,727
1740,2380
1741,2762
1741,1488
1742,1922
1742,1249
1743,1297
1743,29
1744,1241
1744,1140
1745,3844
1745,1187
1746,1715
1746,905
1747,341
1747,3304
1748,1220
1748,1057
1749,1355
1749,3578
1750,1955
1750,2189
1751,1527
1751,832
1752,1027
1752,2325
1753,158
1753,1100
1754,3406
1754,1853
1755,683
1755,3331
1756,2170
1756,2164
1757,2191
1757,3634
1758,2250
1758,1315
1759,3186
1759,2716
1760,2146
1760,1763
1761,1443
1761,3300
1762,2576
1762,566
1763,3769
1763,2552
1764,3789
1764,530
1765,326
1765,1650
1766,1005
1766,1228
1767,1750
1767,2969
1768,797
1768,2268
1769,3214
1769,2076
1770,3329
1770,2263
1771,2904
1771,734
1772,27
1772,1940
1773,611
1773,3570
1774,461
1774,2363
1775,1028
1775,1440
1776,1042
1776,2094
1777,825
1777,1529
1778,1604
1778,2683
1779,1283
1779,360
1780,231
1780,2342
1781,1394
1781,3413
1782,3482
1782,1431
1783,1991
1783,1425
1784,1057
1784,178
1785,2183
1785,3725
1786,2016
1786,2338
1787,3220
1787,397
1788,1760
1788,624
1789,640
1789,2683
1790,3614
1790,3343
1791,2528
1791,338
1792,2477
1792,83
1793,333
1793,285
1794,181
1794,1047
1795,2908
1795,2025
1796,3145
1796,3342
1797,3600
1797,2991
1798,3717
1798,3745
1799,1122
1799,1817
1800,1875
1800,1333
1801,2706
1801,3187
1802,3082
1802,2615
1803,3516
1803,1452
1804,2654
1804,3702
1805,2413
1805,2592
1806,3057
1806,797
1807,2824
1807,1419
1808,25
1808,3529
1809,2562
1809,3124
1810,2546
1810,1581
1811,146
1811,2587
1812,948
1812,14
1813,3945
1813,3192
1814,3976
1814,3751
1815,3725
1815,139
1816,2238
1816,1544
1817,544
1817,3496
1818,1513
1818,2480
1819,2998
1819,3488
1820,1996
1820,965
1821,3324
1821,483
1822,3363
1822,630
1823,3320
1823,265
1824,1348
1824,2508
1825,1903
1825,808
1826,3878
1826,76
1827,3316
1827,519
1828,3865
1828,2497
1829,220
1829,3411
1830,81
1830,3476
1831,2758
1831,2077
1832,3298
1832,985
1833,2459
1833,3532
1834,487
1834,651
1835,193
1835,3968
1836,2329
1836,372
1837,3154
1837,715
1838,1016
1838,1899
1839,3511
1839,2378
1840,2940
1840,2044
1841,3242
1841,2154
1842,676
1842,3588
1843,672
1843,3623
1844,1381
1844,74
1845,1889
1845,2958
1846,2639
1846,2781
1847,1806
1847,880
1848,3804
1848,369
1849,1425
1849,2149
1850,1903
1850,2646
1851,2939
1851,3873
1852,3208
1852,2482
1853,326
1853,654
1854,2398
1854,578
1855,2542
1855,2618
1856,2345
1856,92
1857,248
1857,685
1858,2471
1858,1574
1859,3225
1859,666
1860,3652
1860,3501
1861,430
1861,3120
1862,2170
1862,2234
1863,1620
1863,3691
1864,1266
1864,2640
1865,2095
1865,1081
1866,3325
1866,3351
1867,1705
1867,2417
1868,174
1868,3531
1869,443
1869,3794
1870,3866
1870,1726
1871,2847
1871,2361
1872,2600
1872,2680
1873,2031
1873,1204
1874,79
1874,176
1875,3148
1875,2479
1876,2752
1876,2969
1877,765
1877,1926
1878,1995
1878,68
1879,2512
1879,1569
1880,298
1880,453
1881,2148
1881,2561
1882,2413
1882,3382
1883,1310
1883,461
1884,539
1884,2003
1885,420
1885,99
1886,397
1886,2291
1887,3350
1887,254
1888,1114
1888,2868
1889,3545
1889,1890
1890,2829
1890,3780
1891,2350
1891,1288
1892,2347
1892,153
1893,1184
1893,2090
1894,746
1894,761
1895,2975
1895,3794
1896,3877
1896,2571
1897,2522
1897,2302
1898,662
1898,2217
1899,248
1899,1447
1900,150
1900,2326
1901,3205
1901,2931
1902,3835
1902,2466
1903,2450
1903,2851
1904,2973
1904,1230
1905,1938
1905,3651
1906,3194
1906,2105
1907,617
1907,3950
1908,1661
1908,2345
1909,2225
1909,1994
1910,2251
1910,2839
1911,1237
1911,1963
1912,638
1912,3921
1913,3944
1913,993
1914,45
1914,3931
1915,1543
1915,2535
1916,1794
1916,1577
1917,3437
1917,1900
1918,1431
1918,507
1919,63
1919,1920
1920,2713
1920,1902
1921,1722
1921,3039
1922,2330
1922,646
1923,2028
1923,2578
1924,137
1924,3749
1925,145
1925,73
1926,82
1926,1008
1927,958
1927,1768
1928,1745
1928,1920
1929,2707
1929,1084
1930,495
1930,3817
1931,1020
1931,1412
1932,496
1932,351
1933,2339
1933,2481
1934,3951
1934,742
1935,2545
1935,2736
1936,3333
1936,2673
1937,607
1937,2563
1938,416
1938,2170
1939,1814
1939,3116
1940,1766
1940,800
1941,2428
1941,587
1942,2356
1942,3385
1943,2820
1943,289
1944,1128
1944,2697
1945,2903
1945,3157
1946,2396
1946,3288
1947,2558
1947,331
1948,1023
1948,160
1949,1733
1949,93
1950,733
1950,1845
1951,641
1951,280
1952,2201
1952,3610
1953,2394
1953,3924
1954,2574
1954,2634
1955,2735
1955,1334
1956,1355
1956,942
1957,2748
1957,1078
1958,1540
1958,2114
1959,1296
1959,2351
1960,3844
1960,1732
1961,2587
1961,3233
1962,3892
1962,2355
1963,1305
1963,899
1964,1200
1964,3524
1965,1148
1965,3982
1966,1195
1966,2117
1967,86
1967,384
1968,2033
1968,2849
1969,3345
1969,190
1970,1565
1970,3312
1971,3612
1971,2452
1972,2018
1972,2740
1973,879
1973,479
1974,976
1974,3012
1975,2963
1975,3702
1976,2652
1976,3151
1977,1085
1977,643
1978,1049
1978,1619
1979,2634
1979,2964
1980,1634
1980,998
1981,1487
1981,1105
1982,1677
1982,125
1983,3650
1983,2894
1984,2237
1984,3884
1985,3504
1985,2939
1986,3417
1986,610
1987,866
1987,690
1988,1957
1988,2883
1989,120
1989,87
1990,96
1990,838
1991,637
1991,3160
1992,2700
1992,2538
1993,2739
1993,3883
1994,3244
1994,688
1995,1531
1995,1832
1996,1027
1996,3108
1997,2128
1997,3278
1998,1819
1998,2674
1999,468
1999,682
2000,3635
2000,1481
2001,2588
2001,783
2002,528
2002,3467
2003,1374
2003,1045
2004,1497
2004,3945
2005,1945
2005,30
2006,714
2006,173
2007,3379
2007,3668
2008,1243
2008,2886
2009,1426
2009,2738
2010,3767
2010,995
2011,2729
2011,3985
2012,1863
2012,587
2013,3342
2013,320
2014,2973
2014,1927
2015,69
2015,1046
2016,251
2016,3740
2017,2748
2017,3548
2018,1870
2018,822
2019,2125
2019,2803
2020,1391
2020,684
2021,3962
2021,1171
2022,2417
2022,3015
2023,1447
2023,3823
2024,3573
2024,3722
2025,1208
2025,2764
2026,1139
2026,2311
2027,2356
2027,2661
2028,2212
2028,356
2029,3917
2029,398
2030,2098
2030,1688
2031,750
2031,2362
2032,1490
2032,1157
2033,3165
2033,2868
2034,1873
2034,792
2035,1791
2035,122
2036,1741
2036,3530
2037,1610
2037,1939
2038,991
2038,2871
2039,1204
2039,1917
2040,3866
2040,1468
2041,2470
2041,2836
2042,274
2042,3253
2043,2804
2043,3877
2044,3070
2044,2287
2045,2177
2045,1345
2046,3085
2046,1307
2047,2382
2047,2656
2048,2719
2048,2413
2049,947
2049,1285
2050,2039
2050,3957
2051,2539
2051,3116
2052,3862
2052,858
2053,2462
2053,552
2054,2425
2054,3037
2055,2429
2055,2843
2056,3334
2056,3663
2057,1072
2057,3701
2058,2959
2058,165
2059,387
2059,2753
2060,3403
2060,1005
2061,1065
2061,1315
2062,3409
2062,2353
2063,1588
2063,1647
2064,2509
2064,3293
2065,3435
2065,3062
2066,207
2066,3824
2067,427
2067,3067
2068,178
2068,3677
2069,1667
2069,332
2070,842
2070,2113
2071,1196
2071,1471
2072,3004
2072,1581
2073,1123
2073,3020
2074,3661
2074,3503
2075,1792
2075,2044
2076,846
2076,1069
2077,3349
2077,3583
2078,1753
2078,3621
2079,3268
2079,245
2080,1750
2080,598
2081,2993
2081,384
2082,3716
2082,563
2083,3801
2083,2483
2084,3604
2084,1740
2085,444
2085,3402
2086,713
2086,1684
2087,434
2087,140
2088,1321
2088,2434
2089,3272
2089,2232
2090,3738
2090,291
2091,2700
2091,3096
2092,1470
2092,3860
2093,1245
2093,3127
2094,1815
2094,3637
2095,1543
2095,2872
2096,339
2096,2266
2097,2380
2097,3412
2098,183
2098,2412
2099,3223
2099,1344
2100,3520
2100,2829
2101,1481
2101,299
2102,3117
2102,685
2103,3103
2103,2107
2104,1358
2104,2286
2105,2043
2105,3699
2106,1910
2106,3839
2107,2879
2107,2422
2108,1405
2108,242
2109,387
2109,939
2110,3370
2110,2609
2111,3899
2111,252
2112,111
2112,2792
2113,2828
2113,3571
2114,893
2114,846
2115,54
2115,1474
2116,1323
2116,3845
2117,3682
2117,3548
2118,3957
2118,645
2119,1911
2119,1317
2120,3203
2120,570
2121,2825
2121,2282
2122,3445
2122,2906
2123,3285
2123,3111
2124,771
2124,2586
2125,3250
2125,148
2126,2350
2126,323
2127,125
2127,235
2128,43
2128,1097
2129,937
2129,2399
2130,1532
2130,1914
2131,902
2131,2004
2132,3645
2132,1600
2133,725
2133,2726
2134,2032
2134,1724
2135,1641
2135,3494
2136,1858
2136,1203
2137,3773
2137,1033
2138,3124
2138,3803
2139,1524
2139,1128
2140,2733
2140,167
2141,2901
2141,345
2142,1529
2142,2619
2143,2184
2143,1584
2144,2462
2144,1006
2145,467
2145,1108
2146,189
2146,1201
2147,2114
2147,703
2148,1474
2148,1473
2149,3921
2149,1804
2150,660
2150,2445
2151,2850
2151,2697
2152,2122
2152,1848
2153,1365
2153,213
2154,235
2154,3920
2155,2143
2155,1047
2156,3886
2156,2553
2157,1514
2157,3903
2158,3575
2158,2092
2159,3592
2159,1799
2160,2537
2160,2404
2161,2500
2161,191
2162,2940
2162,3090
2163,1976
2163,3837
2164,3700
2164,1195
2165,998
2165,1422
2166,1368
2166,1759
2167,560
2167,565
2168,1239
2168,1121
2169,3960
2169,3477
2170,1611
2170,3520
2171,2689
2171,3035
2172,56
2172,3054
2173,2855
2173,1302
2174,2640
2174,3251
2175,1411
2175,285
2176,609
2176,1754
2177,3645
2177,221
2178,1778
2178,2135
2179,3875
2179,3718
2180,3049
2180,3474
2181,3782
2181,2162
2182,2875
2182,1237
2183,3228
2183,3975
2184,3153
2184,382
2185,849
2185,2758
2186,3922
2186,3050
2187,654
2187,751
2188,3329
2188,1576
2189,1339
2189,2427
2190,3934
2190,3426
2191,1837
2191,3385
2192,2373
2192,2906
2193,3013
2193,2968
2194,575
2194,820
2195,2610
2195,3637
2196,2819
2196,2715
2197,3832
2197,413
2198,311
2198,486
2199,793
2199,1113
2200,1399
2200,1297
2201,3677
2201,2231
2202,2071
2202,2760
2203,2266
2203,3444
2204,2613
2204,139
2205,3692
2205,576
2206,1684
2206,1857
2207,579
2207,2895
2208,383
2208,3991
2209,1685
2209,2471
2210,1713
2210,1204
2211,3576
2211,1216
2212,3722
2212,284
2213,2387
2213,2560
2214,3813
2214,691
2215,1378
2215,295
2216,1718
2216,414
2217,1971
2217,1359
2218,3457
2218,12
2219,131
2219,2624
2220,2967
2220,3493
2221,1948
2221,3464
2222,1461
2222,3352
2223,856
2223,534
2224,3808
2224,3889
2225,927
2225,706
2226,2328
2226,2162
2227,909
2227,3106
2228,3863
2228,1177
2229,1583
2229,2227
2230,1793
2230,1555
2231,336
2231,3876
2232,51
2232,3107
2233,928
2233,172
2234,2086
2234,205
2235,1731
2235,2428
2236,2797
2236,2772
2237,3084
2237,1804
2238,1728
2238,1570
2239,592
2239,3420
2240,3069
2240,2929
2241,203
2241,3057
2242,3292
2242,3069
2243,3226
2243,3320
2244,1159
2244,2100
2245,119
2245,676
2246,190
2246,3669
2247,3025
2247,2803
2248,2886
2248,304
2249,3203
2249,218
2250,299
2250,1114
2251,649
2251,1058
2252,1723
2252,2368
2253,3554
2253,3358
2254,1829
2254,3469
2255,2213
2255,1171
2256,2685
2256,141
2257,960
2257,1147
2258,2253
2258,755
2259,3009
2259,106
2260,2311
2260,621
2261,3377
2261,2920
2262,2791
2262,3849
2263,1161
2263,2448
2264,1223
2264,2637
2265,769
2265,2043
2266,3567
2266,2506
2267,2101
2267,3764
2268,2310
2268,231
2269,3843
2269,889
2270,2476
2270,637
2271,983
2271,175
2272,3088
2272,287
2273,1454
2273,575
2274,627
2274,3571
2275,1191
2275,2054
2276,762
2276,3206
2277,2013
2277,925
2278,3659
2278,2742
2279,1976
2279,393
2280,1416
2280,2432
2281,3508
2281,2710
2282,3260
2282,3558
2283,3714
2283,3736
2284,335
2284,1577
2285,822
2285,1021
2286,3495
2286,3816
2287,1851
2287,1970
2288,2369
2288,525
2289,9
2289,1207
2290,1489
2290,1318
2291,2724
2291,1603
2292,2394
2292,595
2293,410
2293,2302
2294,984
2294,3477
2295,3364
2295,265
2296,1129
2296,1449
2297,3257
2297,2447
2298,328
2298,3376
2299,1490
2299,1131
2300,886
2300,3546
2301,2251
2301,2677
2302,3781
2302,1058
2303,2187
2303,292
2304,1307
2304,2911
2305,518
2305,3765
2306,3963
2306,2434
2307,3687
2307,1465
2308,701
2308,3251
2309,775
2309,1311
2310,3544
2310,2958
2311,2671
2311,28
2312,1480
2312,2217
2313,3947
2313,1987
2314,2231
2314,3726
2315,2188
2315,754
2316,3520
2316,1780
2317,89
2317,635
2318,2079
2318,640
2319,1946
2319,1317
2320,3739
2320,2962
2321,2776
2321,3075
2322,1097
2322,1291
2323,1558
2323,1933
2324,1956
2324,863
2325,719
2325,3796
2326,1272
2326,2201
2327,1872
2327,3046
2328,3652
2328,1860
2329,3334
2329,1444
2330,15
2330,1533
2331,3957
2331,885
2332,3133
2332,3807
2333,1059
2333,2047
2334,1843
2334,1728
2335,1195
2335,1535
2336,304
2336,3122
2337,2155
2337,1961
2338,3454
2338,1930
2339,55
2339,1909
2340,2402
2340,1211
2341,460
2341,2953
2342,72
2342,1011
2343,1273
2343,199
2344,3997
2344,1746
2345,47
2345,413
2346,2287
2346,2591
2347,3293
2347,3027
2348,2447
2348,3315
2349,3567
2349,2280
2350,328
2350,1550
2351,1963
2351,266
2352,2091
2352,965
2353,556
2353,868
2354,2513
2354,2184
2355,859
2355,3736
2356,3329
2356,3810
2357,2159
2357,788
2358,1
2358,375
2359,2312
2359,450
2360,3375
2360,3755
2361,1148
2361,2905
2362,3854
2362,1764
2363,2034
2363,3968
2364,2712
2364,1991
2365,2356
2365,3239
2366,778
2366,115
2367,1936
2367,3929
2368,708
2368,2430
2369,1058
2369,2458
2370,1788
2370,2982
2371,1689
2371,2212
2372,2559
2372,524
2373,3536
2373,2193
2374,1035
2374,1394
2375,3000
2375,2331
2376,1676
2376,1659
2377,3941
2377,2078
2378,3534
2378,3738
2379,1015
2379,3737
2380,1380
2380,3141
2381,1165
2381,995
2382,226
2382,3976
2383,190
2383,413
2384,1130
2384,3170
2385,1975
2385,2816
2386,3290
2386,1678
2387,516
2387,1306
2388,754
2388,28
2389,2435
2389,2395
2390,2185
2390,3359
2391,3495
2391,2031
2392,1109
2392,517
2393,3266
2393,589
2394,974
2394,2315
2395,2899
2395,2159
2396,2275
2396,2698
2397,385
2397,791
2398,243
2398,2128
2399,1146
2399,3533
2400,2328
2400,2554
2401,640
2401,944
2402,1189
2402,2484
2403,2576
2403,3336
2404,363
2404,2916
2405,2421
2405,3631
2406,3101
2406,3949
2407,3860
2407,2701
2408,1665
2408,2987
2409,1892
2409,3954
2410,335
2410,3909
2411,492
2411,636
2412,1969
2412,1756
2413,2696
2413,3142
2414,3974
2414,1927
2415,2739
2415,611
2416,3482
2416,437
2417,151
2417,2984
2418,2749
2418,1495
2419,3477
2419,1456
2420,2586
2420,1904
2421,2834
2421,3302
2422,2147
2422,1878
2423,3486
2423,3723
2424,560
2424,731
2425,3341
2425,160
2426,1733
2426,91
2427,3358
2427,2563
2428,1576
2428,3669
2429,2310
2429,53
2430,961
2430,68
2431,1979
2431,2971
2432,1937
2432,2823
2433,1405
2433,314
2434,3963
2434,99
2435,1110
2435,27
2436,68
2436,2931
2437,2383
2437,1364
2438,994
2438,3133
2439,3224
2439,861
2440,1414
2440,2001
2441,2378
2441,1931
2442,2458
2442,3947
2443,63
2443,3603
2444,1457
2444,3343
2445,2620
2445,216
2446,3200
2446,3005
2447,1433
2447,1624
2448,1596
2448,3783
2449,1849
2449,2558
2450,3321
2450,3662
2451,373
2451,1966
2452,957
2452,2580
2453,2256
2453,3378
2454,3263
2454,2096
2455,1353
2455,323
2456,3666
2456,895
2457,3302
2457,2242
2458,3875
2458,1696
2459,678
2459,301
2460,1905
2460,1907
2461,1461
2461,3643
2462,116
2462,1512
2463,741
2463,209
2464,1021
2464,786
2465,17
2465,873
2466,686
2466,3940
2467,301
2467,1962
2468,2766
2468,2170
2469,1085
2469,708
2470,2226
2470,1825
2471,2539
2471,676
2472,3485
2472,1767
2473,3643
2473,3982
2474,3023
2474,80
2475,3972
2475,721
2476,337
2476,2395
2477,1834
2477,835
2478,3183
2478,759
2479,2899
2479,423
2480,3389
2480,3964
2481,3786
2481,3692
2482,282
2482,3589
2483,209
2483,1930
2484,801
2484,2325
2485,188
2485,2792
2486,3985
2486,2234
2487,2980
2487,453
2488,1884
2488,40
2489,3320
2489,1764
2490,2785
2490,3420
2491,2929
2491,988
2492,1298
2492,913
2493,3875
2493,1614
2494,2897
2494,2064
2495,1875
2495,3257
2496,1928
2496,3943
2497,661
2497,402
2498,2995
2498,3429
2499,2334
2499,1905
2500,1583
2500,676
2501,2216
2501,1150
2502,1544
2502,1093
2503,974
2503,3047
2504,2152
2504,778
2505,1431
2505,3742
2506,3499
2506,2123
2507,1717
2507,3488
2508,2843
2508,1301
2509,3060
2509,3073
2510,636
2510,3695
2511,3491
2511,2791
2512,3691
2512,3832
2513,2193
2513,3114
2514,3294
2514,3308
2515,3993
2515,3228
2516,3941
2516,451
2517,226
2517,2755
2518,247
2518,2950
2519,3009
2519,1542
2520,1364
2520,2667
2521,3561
2521,3523
2522,3940
2522,3898
2523,1106
2523,3016
2524,2144
2524,1859
2525,2136
2525,3150
2526,2518
2526,2431
2527,1546
2527,171
2528,491
2528,2830
2529,3688
2529,3365
2530,2636
2530,427
2531,2509
2531,3341
2532,3179
2532,3245
2533,3981
2533,1233
2534,3605
2534,3598
2535,388
2535,2072
2536,3829
2536,2607
2537,2876
2537,2866
2538,1774
2538,2217
2539,14
2539,3585
2540,2718
2540,1302
2541,1559
2541,1341
2542,494
2542,1958
2543,202
2543,1869
2544,1019
2544,1200
2545,3787
2545,1391
2546,24
2546,613
2547,1773
2547,2833
2548,2424
2548,3952
2549,2934
2549,2299
2550,3616
2550,388
2551,3475
2551,462
2552,1700
2552,818
2553,2552
2553,2214
2554,3977
2554,1086
2555,1350
2555,1615
2556,2186
2556,1364
2557,3588
2557,1655
2558,3048
2558,2468
2559,780
2559,3191
2560,1546
2560,161
2561,2336
2561,560
2562,3857
2562,3248
2563,557
2563,167
2564,1332
2564,2801
2565,2409
2565,3206
2566,2447
2566,2224
2567,1769
2567,210
2568,194
2568,3266
2569,2142
2569,1182
2570,3040
2570,964
2571,1532
2571,1126
2572,3012
2572,3421
2573,2756
2573,1429
2574,3776
2574,883
2575,385
2575,3549
2576,3012
2576,3622
2577,2370
2577,2627
2578,2025
2578,1499
2579,3826
2579,605
2580,3441
2580,3445
2581,1383
2581,2234
2582,2142
2582,1571
2583,442
2583,1152
2584,522
2584,660
2585,2697
2585,2080
2586,2609
2586,3985
2587,2415
2587,1044
2588,2484
2588,1425
2589,677
2589,3136
2590,1026
2590,2745
2591,1513
2591,1313
2592,3383
2592,332
2593,1963
2593,1144
2594,2310
2594,654
2595,9
2595,2446
2596,1878
2596,1548
2597,1252
2597,653
2598,1495
2598,2833
2599,3552
2599,3727
2600,1136
2600,2352
2601,2656
2601,2834
2602,3990
2602,2070
2603,2396
2603,2857
2604,2744
2604,444
2605,2474
2605,3935
2606,3006
2606,1418
2607,419
2607,1900
2608,2889
2608,3314
2609,2264
2609,2215
2610,3337
2610,2846
2611,1550
2611,2058
2612,1636
2612,360
2613,3462
2613,2089
2614,527
2614,100
2615,2897
2615,198
2616,3080
2616,2255
2617,2969
2617,1784
2618,2431
2618,3275
2619,2661
2619,1624
2620,3458
2620,3843
2621,833
2621,1591
2622,3206
2622,3007
2623,1502
2623,2775
2624,593
2624,1255
2625,2170
2625,2869
2626,1302
2626,1636
2627,2944
2627,685
2628,3829
2628,1798
2629,3595
2629,3391
2630,1014
2630,2180
2631,2814
2631,1868
2632,3233
2632,2761
2633,3754
2633,3087
2634,374
2634,3827
2635,1243
2635,841
2636,1875
2636,2944
2637,540
2637,659
2638,2467
2638,2262
2639,977
2639,2139
2640,3931
2640,167
2641,1706
2641,1613
2642,1988
2642,2790
2643,2953
2643,3714
2644,3196
2644,2205
2645,1556
2645,256
2646,1631
2646,3491
2647,1932
2647,1459
2648,694
2648,3024
2649,1877
2649,3463
2650,3491
2650,456
2651,683
2651,3359
2652,3207
2652,1178
2653,3323
2653,2099
2654,876
2654,3907
2655,939
2655,2177
2656,2973
2656,3072
2657,670
2657,1070
2658,1518
2658,480
2659,2674
2659,871
2660,1974
2660,1001
2661,3743
2661,2379
2662,2715
2662,1641
2663,1096
2663,6
2664,30
2664,2079
2665,401
2665,1213
2666,3298
2666,473
2667,2301
2667,1577
2668,2400
2668,3671
2669,1855
2669,541
2670,80
2670,597
2671,3207
2671,1286
2672,2699
2672,2733
2673,2344
2673,3994
2674,377
2674,386
2675,3047
2675,1755
2676,3172
2676,2372
2677,1542
2677,1970
2678,2359
2678,1155
2679,99
2679,1655
2680,1071
2680,1190
2681,3280
2681,3057
2682,1700
2682,2994
2683,2111
2683,1264
2684,2405
2684,3307
2685,1602
2685,3445
2686,489
2686,3509
2687,2420
2687,2855
2688,3659
2688,3706
2689,349
2689,2794
2690,855
2690,3937
2691,1450
2691,3027
2692,423
2692,880
2693,2994
2693,1386
2694,3340
2694,570
2695,764
2695,126
2696,2997
2696,265
2697,3174
2697,3303
2698,977
2698,351
2699,2953
2699,2498
2700,193
2700,808
2701,170
2701,2387
2702,1336
2702,814
2703,1985
2703,3387
2704,1920
2704,2126
2705,1002
2705,2117
2706,3570
2706,1928
2707,1147
2707,3416
2708,2240
2708,1953
2709,300
2709,499
2710,1119
2710,3501
2711,1806
2711,89
2712,399
2712,1162
2713,3135
2713,2087
2714,3636
2714,626
2715,2974
2715,2639
2716,311
2716,2095
2717,140
2717,3843
2718,2848
2718,2177
2719,3007
2719,2030
2720,2238
2720,2810
2721,647
2721,950
2722,2201
2722,3673
2723,121
2723,365
2724,849
2724,1361
2725,654
2725,1365
2726,721
2726,1146
2727,1668
2727,1861
2728,2559
2728,1907
2729,896
2729,3025
2730,3659
2730,1287
2731,1443
2731,3181
2732,2598
2732,3256
2733,2449
2733,2493
2734,2843
2734,2859
2735,1047
2735,27
2736,1199
2736,219
2737,2790
2737,2582
2738,1346
2738,2376
2739,75
2739,886
2740,3810
2740,495
2741,709
2741,2925
2742,3281
2742,1279
2743,990
2743,2241
2744,483
2744,2151
2745,3777
2745,3072
2746,1142
2746,1433
2747,2179
2747,2873
2748,493
2748,1842
2749,247
2749,1571
2750,591
2750,1630
2751,167
2751,2062
2752,1399
2752,3805
2753,2945
2753,32
2754,1268
2754,2057
2755,140
2755,2708
2756,2050
2756,1855
2757,599
2757,1630
2758,363
2758,1039
2759,884
2759,474
2760,1661
2760,1956
2761,1300
2761,1183
2762,353
2762,2892
2763,3460
2763,264
2764,1056
2764,999
2765,2970
2765,1995
2766,1548
2766,664
2767,1500
2767,708
2768,2228
2768,3647
2769,2932
2769,2382
2770,2825
2770,1840
2771,850
2771,3166
2772,2570
2772,2618
2773,791
2773,1801
2774,1558
2774,1410
2775,2604
2775,2486
2776,2484
2776,2903
2777,2896
2777,3297
2778,2244
2778,1952
2779,333
2779,567
2780,3984
2780,703
2781,1431
2781,2064
2782,1931
2782,1418
2783,1917
2783,3649
2784,2996
2784,2895
2785,3703
2785,958
2786,2113
2786,2646
2787,1935
2787,2712
2788,504
2788,2870
2789,139
2789,1465
2790,2919
2790,496
2791,3591
2791,3373
2792,2606
2792,3098
2793,524
2793,2596
2794,849
2794,19
2795,2604
2795,2373
2796,1074
2796,2806
2797,3644
2797,3567
2798,1459
2798,3762
2799,2216
2799,1552
2800,1318
2800,1524
2801,2892
2801,762
2802,19
2802,976
2803,3136
2803,2929
2804,1720
2804,2586
2805,2763
2805,698
2806,721
2806,3864
2807,893
2807,1001
2808,2935
2808,850
2809,33
2809,3385
2810,207
2810,1585
2811,3029
2811,1494
2812,1792
2812,2913
2813,3091
2813,2090
2814,1083
2814,829
2815,332
2815,2048
2816,3759
2816,3139
2817,3785
2817,2923
2818,2921
2818,533
2819,3310
2819,2660
2820,2582
2820,2749
2821,595
2821,3150
2822,1522
2822,1810
2823,1298
2823,2396
2824,3125
2824,808
2825,2198
2825,1118
2826,3489
2826,2526
2827,1865
2827,3080
2828,3390
2828,2299
2829,1805
2829,94
2830,2747
2830,1338
2831,1802
2831,60
2832,2938
2832,908
2833,2785
2833,660
2834,3059
2834,3178
2835,695
2835,2009
2836,646
2836,1565
2837,1034
2837,1419
2838,2886
2838,2417
2839,2711
2839,2859
2840,3645
2840,1982
2841,315
2841,3164
2842,2741
2842,1460
2843,2735
2843,106
2844,1073
2844,2311
2845,3066
2845,1811
2846,1107
2846,3695
2847,1133
2847,108
2848,2727
2848,1530
2849,1422
2849,1521
2850,1471
2850,3350
2851,3354
2851,3016
2852,381
2852,3341
2853,3115
2853,3971
2854,309
2854,715
2855,882
2855,3904
2856,3578
2856,888
2857,894
2857,1206
2858,2169
2858,1001
2859,2181
2859,3787
2860,2202
2860,174
2861,1783
2861,2696
2862,2123
2862,273
2863,1889
2863,3210
2864,427
2864,665
2865,1179
2865,361
2866,780
2866,735
2867,532
2867,1840
2868,247
2868,1707
2869,2889
2869,1265
2870,1180
2870,303
2871,538
2871,1167
2872,3510
2872,460
2873,1591
2873,172
2874,2643
2874,3011
2875,2326
2875,1641
2876,3384
2876,1142
2877,881
2877,324
2878,985
2878,2697
2879,1428
2879,1224
2880,3825
2880,402
2881,2427
2881,2782
2882,1653
2882,70
2883,2711
2883,3563
2884,6
2884,1820
2885,3910
2885,2282
2886,2492
2886,591
2887,2343
2887,2293
2888,2534
2888,799
2889,3514
2889,3218
2890,2388
2890,1576
2891,3611
2891,701
2892,3794
2892,537
2893,2766
2893,2374
2894,3652
2894,1500
2895,715
2895,10
2896,1292
2896,2587
2897,2786
2897,2318
2898,1176
2898,2045
2899,119
2899,2032
2900,3146
2900,3905
2901,1705
2901,3436
2902,2058
2902,1071
2903,3719
2903,3453
2904,1102
2904,1477
2905,1026
2905,3357
2906,498
2906,357
2907,516
2907,819
2908,172
2908,1256
2909,3664
2909,2730
2910,29
2910,1878
2911,1400
2911,1615
2912,2538
2912,2451
2913,307
2913,2787
2914,3170
2914,809
2915,350
2915,3502
2916,3766
2916,1929
2917,2387
2917,3389
2918,357
2918,2491
2919,3752
2919,2572
2920,1024
2920,174
2921,867
2921,972
2922,1940
2922,1003
2923,3404
2923,3007
2924,885
2924,2600
2925,3074
2925,781
2926,2402
2926,3982
2927,881
2927,1066
2928,2838
2928,1397
2929,2369
2929,3366
2930,1495
2930,3652
2931,2769
2931,773
2932,746
2932,931
2933,970
2933,485
2934,524
2934,3689
2935,2681
2935,755
2936,1715
2936,1934
2937,74
2937,64
2938,2230
2938,1021
2939,3087
2939,1982
2940,3886
2940,2948
2941,729
2941,752
2942,2933
2942,1105
2943,3974
2943,2014
2944,3026
2944,1404
2945,2939
2945,3713
2946,3403
2946,3780
2947,3250
2947,3444
2948,3783
2948,2743
2949,677
2949,3822
2950,1041
2950,1307
2951,2654
2951,836
2952,783
2952,2251
2953,3949
2953,2594
2954,1055
2954,144
2955,2257
2955,2874
2956,1686
2956,782
2957,3376
2957,588
2958,1976
2958,593
2959,2233
2959,2275
2960,858
2960,1533
2961,2745
2961,2244
2962,1511
2962,3040
2963,1706
2963,1503
2964,1627
2964,2082
2965,3340
2965,211
2966,1342
2966,2869
2967,2019
2967,2
2968,3081
2968,2673
2969,1670
2969,2563
2970,2082
2970,1374
2971,1535
2971,2594
2972,2021
2972,528
2973,3254
2973,1324
2974,811
2974,2684
2975,679
2975,1097
2976,2500
2976,3037
2977,3246
2977,3093
2978,1054
2978,1436
2979,3978
2979,2150
2980,683
2980,1541
2981,3387
2981,491
2982,2019
2982,205
2983,1810
2983,2318
2984,2834
2984,3087
2985,118
2985,1991
2986,3190
2986,1953
2987,1710
2987,1104
2988,3362
2988,2647
2989,1659
2989,2394
2990,275
2990,1142
2991,2807
2991,2124
2992,3396
2992,236
2993,3209
2993,3238
2994,1731
2994,3375
2995,3751
2995,3029
2996,2177
2996,2152
2997,1624
2997,771
2998,2585
2998,2175
2999,1582
2999,2537
3000,3971
3000,1466
3001,749
3001,1555
3002,2126
3002,260
3003,3254
3003,421
3004,3403
3004,3483
3005,649
3005,2777
3006,138
3006,1228
3007,1588
3007,449
3008,3890
3008,3027
3009,2253
3009,1355
3010,2736
3010,3723
3011,3600
3011,3080
3012,124
3012,1181
3013,1154
3013,351
3014,2064
3014,3135
3015,124
3015,182
3016,176
3016,2286
3017,327
3017,3305
3018,2592
3018,459
3019,3257
3019,2835
3020,1445
3020,1001
3021,2342
3021,158
3022,841
3022,1906
3023,2975
3023,2405
3024,3976
3024,2232
3025,2036
3025,3993
3026,3830
3026,3911
3027,3533
3027,2165
3028,2466
3028,336
3029,3475
3029,1740
3030,3634
3030,2133
3031,3976
3031,738
3032,805
3032,175
3033,2999
3033,1556
3034,3289
3034,3597
3035,1380
3035,2064
3036,2569
3036,3388
3037,120
3037,1361
3038,636
3038,1545
3039,2879
3039,3410
3040,1927
3040,786
3041,2450
3041,367
3042,1145
3042,327
3043,125
3043,3723
3044,3099
3044,836
3045,2766
3045,1044
3046,1851
3046,3026
3047,2855
3047,986
3048,1062
3048,1275
3049,3991
3049,3293
3050,3456
3050,418
3051,1317
3051,2451
3052,3429
3052,1625
3053,1121
3053,931
3054,159
3054,3270
3055,1214
3055,2587
3056,868
3056,187
3057,2582
3057,717
3058,2243
3058,2517
3059,478
3059,3521
3060,3387
3060,1572
3061,3516
3061,2354
3062,2061
3062,2079
3063,253
3063,376
3064,1459
3064,3368
3065,1560
3065,3269
3066,1005
3066,2312
3067,3089
3067,1230
3068,2368
3068,1398
3069,2395
3069,31
3070,1497
3070,288
3071,1438
3071,2955
3072,2378
3072,2922
3073,2246
3073,2370
3074,410
3074,1768
3075,1657
3075,435
3076,40
3076,891
3077,1633
3077,2194
3078,2053
3078,3203
3079,3261
3079,780
3080,414
3080,931
3081,2454
3081,1716
3082,2961
3082,1652
3083,3334
3083,1283
3084,1876
3084,2880
3085,3486
3085,3578
3086,211
3086,2700
3087,2302
3087,1209
3088,1530
3088,1578
3089,3346
3089,1107
3090,3261
3090,3833
3091,2010
3091,3179
3092,1905
3092,975
3093,61
3093,3995
3094,2857
3094,32
3095,1001
3095,2620
3096,1134
3096,1402
3097,953
3097,1095
3098,312
3098,744
3099,3002
3099,2489
3100,1451
3100,2713
3101,3303
3101,138
3102,2280
3102,3523
3103,2578
3103,1285
3104,1277
3104,1406
3105,3201
3105,3011
3106,2369
3106,2490
3107,3864
3107,3158
3108,3748
3108,3439
3109,2642
3109,2064
3110,1740
3110,1521
3111,2340
3111,2116
3112,2631
3112,2585
3113,45
3113,1340
3114,820
3114,354
3115,547
3115,550
3116,2206
3116,3698
3117,1269
3117,205
3118,1140
3118,1327
3119,696
3119,3319
3120,2718
3120,990
3121,84
3121,1590
3122,1715
3122,2182
3123,2298
3123,443
3124,16
3124,469
3125,2926
3125,3509
3126,3075
3126,92
3127,923
3127,1962
3128,834
3128,3467
3129,3955
3129,2703
3130,2947
3130,1491
3131,3341
3131,2155
3132,342
3132,1157
3133,62
3133,3006
3134,2279
3134,3879
3135,1922
3135,3878
3136,1777
3136,2868
3137,2019
3137,3925
3138,1762
3138,1834
3139,2735
3139,824
3140,583
3140,2635
3141,30
3141,3134
3142,2721
3142,3387
3143,2409
3143,1822
3144,2290
3144,3777
3145,619
3145,1679
3146,2114
3146,1189
3147,1678
3147,3040
3148,1558
3148,607
3149,484
3149,1475
3150,3510
3150,1708
3151,384
3151,1658
3152,1424
3152,2612
3153,1088
3153,2481
3154,3522
3154,72
3155,1250
3155,1049
3156,373
3156,3193
3157,1326
3157,541
3158,3298
3158,3993
3159,1809
3159,2822
3160,1234
3160,3610
3161,1142
3161,2778
3162,2513
3162,136
3163,304
3163,3729
3164,1529
3164,3747
3165,1280
3165,3520
3166,3358
3166,2751
3167,2075
3167,595
3168,1552
3168,3980
3169,1028
3169,1220
3170,3955
3170,147
3171,3381
3171,1221
3172,3584
3172,948
3173,2968
3173,1997
3174,139
3174,1240
3175,885
3175,2710
3176,1472
3176,179
3177,2118
3177,3200
3178,2653
3178,221
3179,1206
3179,1572
3180,2428
3180,2834
3181,1063
3181,3696
3182,584
3182,543
3183,1023
3183,1188
3184,1326
3184,1500
3185,3601
3185,1536
3186,3141
3186,2660
3187,3621
3187,3610
3188,3852
3188,951
3189,1212
3189,3598
3190,2231
3190,3285
3191,3777
3191,118
3192,2956
3192,1242
3193,1096
3193,957
3194,1897
3194,3701
3195,21
3195,1169
3196,2396
3196,525
3197,3790
3197,1268
3198,2788
3198,2938
3199,1808
3199,258
3200,1256
3200,3904
3201,2072
3201,2678
3202,734
3202,3143
3203,361
3203,1814
3204,3162
3204,123
3205,3047
3205,1112
3206,2757
3206,1308
3207,122
3207,1173
3208,2388
3208,3845
3209,2921
3209,175
3210,3495
3210,2071
3211,1304
3211,2691
3212,894
3212,1833
3213,3642
3213,3918
3214,779
3214,1530
3215,2715
3215,3152
3216,1859
3216,3733
3217,3288
3217,1084
3218,828
3218,1376
3219,1849
3219,2155
3220,2533
3220,3552
3221,2129
3221,3053
3222,182
3222,1668
3223,2342
3223,112
3224,364
3224,1908
3225,3097
3225,3905
3226,3214
3226,3841
3227,1526
3227,2649
3228,2268
3228,3870
3229,3135
3229,3497
3230,3052
3230,3909
3231,527
3231,3760
3232,3089
3232,414
3233,1120
3233,3195
3234,2480
3234,3391
3235,1943
3235,536
3236,3995
3236,3357
3237,1418
3237,2982
3238,1011
3238,3773
3239,3509
3239,1564
3240,3998
3240,1488
3241,3737
3241,2015
3242,25
3242,1930
3243,906
3243,1004
3244,3821
3244,392
3245,2022
3245,3661
3246,2158
3246,3864
3247,874
3247,3587
3248,571
3248,3123
3249,2901
3249,1210
3250,3109
3250,1074
3251,2063
3251,1708
3252,2267
3252,3310
3253,1824
3253,2653
3254,3618
3254,2887
3255,766
3255,3648
3256,179
3256,2452
3257,2736
3257,3057
3258,507
3258,956
3259,232
3259,1760
3260,1304
3260,2871
3261,2712
3261,276
3262,1320
3262,2445
3263,3159
3263,1662
3264,3079
3264,3333
3265,228
3265,3832
3266,594
3266,1929
3267,1018
3267,2414
3268,3277
3268,3071
3269,1507
3269,2868
3270,1847
3270,1057
3271,411
3271,1579
3272,1308
3272,3155
3273,2473
3273,717
3274,2782
3274,3107
3275,1307
3275,2491
3276,1056
3276,1118
3277,1597
3277,1914
3278,1410
3278,571
3279,3690
3279,2837
3280,3826
3280,449
3281,618
3281,2085
3282,3750
3282,3120
3283,3529
3283,928
3284,1252
3284,3647
3285,3230
3285,232
3286,1570
3286,402
3287,809
3287,2065
3288,1699
3288,987
3289,1650
3289,2048
3290,176
3290,1481
3291,159
3291,685
3292,3153
3292,1506
3293,197
3293,2907
3294,3941
3294,3392
3295,3894
3295,1105
3296,955
3296,1212
3297,1608
3297,1415
3298,82
3298,3871
3299,3458
3299,1944
3300,789
3300,1551
3301,3195
3301,3177
3302,2480
3302,2498
3303,2795
3303,1911
3304,3569
3304,1423
3305,823
3305,420
3306,3420
3306,57
3307,1678
3307,465
3308,2656
3308,717
3309,2527
3309,3655
3310,57
3310,2915
3311,3754
3311,3177
3312,946
3312,805
3313,145
3313,1882
3314,2323
3314,3018
3315,2867
3315,2023
3316,2981
3316,618
3317,3746
3317,3345
3318,1628
3318,616
3319,154
3319,1371
3320,1968
3320,3737
3321,2653
3321,1520
3322,2482
3322,1502
3323,2075
3323,3055
3324,3641
3324,3244
3325,3480
3325,1507
3326,85
3326,3837
3327,1362
3327,2337
3328,893
3328,3897
3329,2354
3329,3829
3330,293
3330,1217
3331,3661
3331,697
3332,3406
3332,926
3333,1768
3333,945
3334,3477
3334,1488
3335,1534
3335,2357
3336,483
3336,53
3337,760
3337,2036
3338,2863
3338,2978
3339,3347
3339,3701
3340,581
3340,3556
3341,3378
3341,545
3342,2315
3342,1163
3343,2673
3343,3697
3344,984
3344,2798
3345,3155
3345,2846
3346,3725
3346,2835
3347,2841
3347,3252
3348,520
3348,1049
3349,314
3349,1735
3350,3449
3350,3912
3351,2558
3351,2914
3352,3221
3352,1685
3353,2641
3353,3165
3354,753
3354,1983
3355,1975
3355,3855
3356,998
3356,3379
3357,1174
3357,3406
3358,1319
3358,3240
3359,3131
3359,3069
3360,934
3360,1037
3361,1987
3361,838
3362,2142
3362,322
3363,1957
3363,2279
3364,2012
3364,2498
3365,3424
3365,2023
3366,1322
3366,1328
3367,2449
3367,1580
3368,3575
3368,2310
3369,1367
3369,2244
3370,2732
3370,1569
3371,1060
3371,3368
3372,103
3372,506
3373,372
3373,3001
3374,3897
3374,534
3375,2074
3375,1073
3376,3105
3376,1277
3377,1441
3377,1487
3378,1910
3378,431
3379,148
3379,1765
3380,3943
3380,799
3381,988
3381,700
3382,2638
3382,668
3383,3294
3383,2908
3384,1211
3384,3778
3385,217
3385,1136
3386,3992
3386,3263
3387,1241
3387,3256
3388,480
3388,3445
3389,1323
3389,1271
3390,864
3390,1306
3391,2083
3391,3638
3392,3807
3392,3104
3393,3324
3393,2937
3394,3681
3394,974
3395,2241
3395,2717
3396,2186
3396,691
3397,3891
3397,1674
3398,3404
3398,951
3399,3935
3399,2449
3400,3143
3400,1633
3401,1771
3401,2933
3402,151
3402,1614
3403,118
3403,3506
3404,2784
3404,1730
3405,1190
3405,462
3406,81
3406,652
3407,3856
3407,3638
3408,2655
3408,1088
3409,3792
3409,1695
3410,1104
3410,2892
3411,1901
3411,61
3412,1688
3412,396
3413,2058
3413,3272
3414,2525
3414,3731
3415,2960
3415,1150
3416,96
3416,216
3417,3606
3417,1303
3418,3393
3418,2455
3419,396
3419,1213
3420,3963
3420,3008
3421,1316
3421,183
3422,3669
3422,3829
3423,1434
3423,363
3424,1878
3424,517
3425,1360
3425,1485
3426,1321
3426,3720
3427,1832
3427,2589
3428,3241
3428,680
3429,2466
3429,1862
3430,1161
3430,3281
3431,2633
3431,321
3432,868
3432,738
3433,3701
3433,2039
3434,573
3434,3774
3435,1235
3435,3312
3436,885
3436,1170
3437,1654
3437,1745
3438,2990
3438,1210
3439,813
3439,3715
3440,1880
3440,2017
3441,1128
3441,31
3442,3180
3442,1611
3443,3218
3443,772
3444,3079
3444,1933
3445,1346
3445,2009
3446,3148
3446,3862
3447,3145
3447,1169
3448,2625
3448,3472
3449,2275
3449,2041
3450,2058
3450,3003
3451,376
3451,2397
3452,121
3452,797
3453,1733
3453,1764
3454,1038
3454,3412
3455,1758
3455,1039
3456,3352
3456,1295
3457,1184
3457,1008
3458,1894
3458,2723
3459,315
3459,2129
3460,1945
3460,1372
3461,2902
3461,41
3462,597
3462,3881
3463,343
3463,3942
3464,407
3464,3802
3465,1926
3465,2980
3466,1264
3466,68
3467,2862
3467,3106
3468,2609
3468,3459
3469,3655
3469,2762
3470,666
3470,681
3471,678
3471,3489
3472,2767
3472,915
3473,3398
3473,592
3474,1455
3474,3426
3475,901
3475,2669
3476,3416
3476,2378
3477,1545
3477,3658
3478,775
3478,2605
3479,3036
3479,1684
3480,2602
3480,1946
3481,1170
3481,945
3482,764
3482,368
3483,952
3483,2445
3484,659
3484,2714
3485,835
3485,3810
3486,1141
3486,99
3487,2231
3487,2775
3488,879
3488,3478
3489,3550
3489,1347
3490,972
3490,983
3491,1367
3491,409
3492,2075
3492,2407
3493,3726
3493,1729
3494,620
3494,2974
3495,3099
3495,1825
3496,95
3496,1443
3497,2528
3497,2250
3498,1353
3498,3971
3499,683
3499,1188
3500,1417
3500,1411
3501,411
3501,3968
3502,2117
3502,1406
3503,2056
3503,1760
3504,3591
3504,1993
3505,1709
3505,780
3506,390
3506,1052
3507,792
3507,2761
3508,374
3508,1430
3509,575
3509,1219
3510,1651
3510,3763
3511,2326
3511,1585
3512,2679
3512,889
3513,1636
3513,654
3514,1918
3514,2195
3515,2404
3515,1778
3516,1547
3516,3303
3517,1945
3517,2568
3518,2555
3518,2672
3519,1132
3519,733
3520,115
3520,2337
3521,375
3521,2872
3522,2512
3522,1108
3523,3319
3523,1193
3524,2310
3524,3419
3525,740
3525,3732
3526,3893
3526,3588
3527,874
3527,3808
3528,1630
3528,479
3529,403
3529,1224
3530,2152
3530,508
3531,3467
3531,3069
3532,746
3532,678
3533,2789
3533,475
3534,3266
3534,794
3535,357
3535,80
3536,260
3536,1235
3537,1168
3537,3267
3538,2330
3538,1626
3539,407
3539,657
3540,989
3540,3839
3541,2237
3541,2946
3542,2205
3542,24
3543,3971
3543,3294
3544,1591
3544,2057
3545,3738
3545,2823
3546,3114
3546,5
3547,2939
3547,3170
3548,1032
3548,250
3549,2196
3549,2639
3550,977
3550,2094
3551,1224
3551,1608
3552,1073
3552,3072
3553,1572
3553,755
3554,3041
3554,2537
3555,1556
3555,2783
3556,3902
3556,1203
3557,894
3557,1430
3558,3473
3558,3781
3559,3806
3559,3497
3560,2235
3560,2936
3561,693
3561,3461
3562,2097
3562,2995
3563,3060
3563,2015
3564,981
3564,3577
3565,80
3565,2915
3566,3047
3566,2176
3567,2226
3567,1119
3568,930
3568,3858
3569,3337
3569,619
3570,3724
3570,3566
3571,3906
3571,2507
3572,453
3572,1649
3573,1384
3573,955
3574,3123
3574,2060
3575,2065
3575,696
3576,3849
3576,104
3577,1671
3577,3861
3578,989
3578,2823
3579,1280
3579,2
3580,172
3580,3514
3581,2089
3581,1981
3582,2206
3582,2286
3583,3779
3583,138
3584,354
3584,1423
3585,281
3585,1705
3586,871
3586,3923
3587,1614
3587,3077
3588,666
3588,3665
3589,3902
3589,3716
3590,3640
3590,675
3591,3080
3591,3419
3592,2559
3592,2879
3593,1669
3593,1046
3594,2770
3594,990
3595,1623
3595,3162
3596,2866
3596,3328
3597,3445
3597,3151
3598,976
3598,1597
3599,2860
3599,2410
3600,3251
3600,1719
3601,1361
3601,3415
3602,2206
3602,1569
3603,2172
3603,618
3604,249
3604,2598
3605,3553
3605,3099
3606,2058
3606,656
3607,3191
3607,45
3608,875
3608,3322
3609,2885
3609,3838
3610,3926
3610,3001
3611,200
3611,3371
3612,2828
3612,3671
3613,3218
3613,2187
3614,3381
3614,1853
3615,3327
3615,780
3616,2759
3616,3999
3617,1799
3617,1429
3618,3617
3618,3649
3619,50
3619,949
3620,2613
3620,713
3621,1479
3621,2137
3622,1622
3622,1173
3623,1098
3623,301
3624,3222
3624,2934
3625,2251
3625,636
3626,1864
3626,3894
3627,622
3627,851
3628,2089
3628,2019
3629,3623
3629,2099
3630,128
3630,530
3631,1728
3631,669
3632,1180
3632,3209
3633,1470
3633,1233
3634,3968
3634,1453
3635,1824
3635,794
3636,681
3636,3708
3637,1035
3637,1556
3638,3083
3638,3750
3639,448
3639,1681
3640,667
3640,3742
3641,3706
3641,1491
3642,90
3642,1020
3643,2603
3643,3921
3644,3620
3644,122
3645,2516
3645,1111
3646,1309
3646,3147
3647,552
3647,3274
3648,715
3648,1644
3649,1197
3649,800
3650,3494
3650,1979
3651,3711
3651,2406
3652,2217
3652,1807
3653,1529
3653,1873
3654,1243
3654,360
3655,2199
3655,1532
3656,2575
3656,3639
3657,1742
3657,443
3658,2764
3658,3635
3659,3153
3659,111
3660,1507
3660,2293
3661,714
3661,1960
3662,3875
3662,2392
3663,649
3663,2826
3664,1368
3664,3340
3665,545
3665,1086
3666,3823
3666,3544
3667,1034
3667,1543
3668,3805
3668,56
3669,109
3669,3467
3670,3741
3670,1758
3671,812
3671,938
3672,707
3672,1491
3673,1240
3673,1521
3674,3133
3674,294
3675,131
3675,1507
3676,3558
3676,1163
3677,631
3677,3514
3678,3028
3678,2385
3679,3650
3679,2245
3680,2640
3680,647
3681,1592
3681,472
3682,1219
3682,43
3683,442
3683,3664
3684,719
3684,1687
3685,3489
3685,2978
3686,1727
3686,741
3687,2185
3687,268
3688,1471
3688,440
3689,1159
3689,3091
3690,445
3690,425
3691,1228
3691,3942
3692,2899
3692,3376
3693,1741
3693,2491
3694,1320
3694,499
3695,1871
3695,3454
3696,3007
3696,2910
3697,1722
3697,3646
3698,56
3698,240
3699,3307
3699,2229
3700,535
3700,724
3701,3854
3701,2932
3702,1310
3702,830
3703,343
3703,277
3704,2365
3704,2911
3705,207
3705,2102
3706,2568
3706,3868
3707,3275
3707,2836
3708,3316
3708,3784
3709,2346
3709,3904
3710,131
3710,85
3711,1486
3711,1145
3712,2105
3712,246
3713,1843
3713,2531
3714,2720
3714,1421
3715,1106
3715,829
3716,3016
3716,2543
3717,230
3717,102
3718,2204
3718,1536
3719,3326
3719,2709
3720,911
3720,2410
3721,2904
3721,1747
3722,1591
3722,2063
3723,2387
3723,1070
3724,1141
3724,2631
3725,1889
3725,964
3726,3860
3726,925
3727,1929
3727,3593
3728,2676
3728,1121
3729,934
3729,1562
3730,3137
3730,3586
3731,3916
3731,952
3732,1532
3732,3768
3733,3054
3733,3838
3734,2635
3734,558
3735,2094
3735,453
3736,1486
3736,868
3737,2267
3737,2383
3738,1289
3738,520
3739,84
3739,978
3740,1127
3740,2917
3741,3404
3741,3739
3742,1633
3742,3131
3743,1403
3743,2254
3744,3900
3744,403
3745,3619
3745,1548
3746,1322
3746,3068
3747,330
3747,2789
3748,3988
3748,1574
3749,3688
3749,3627
3750,2521
3750,1559
3751,754
3751,724
3752,995
3752,1915
3753,654
3753,96
3754,750
3754,1426
3755,1865
3755,1615
3756,138
3756,3652
3757,3637
3757,1042
3758,2493
3758,316
3759,2217
3759,1191
3760,2378
3760,3773
3761,1168
3761,3121
3762,2615
3762,3894
3763,509
3763,2007
3764,54
3764,1887
3765,3752
3765,2617
3766,3825
3766,1135
3767,906
3767,950
3768,1930
3768,188
3769,1257
3769,2274
3770,2925
3770,1021
3771,1874
3771,1101
3772,1089
3772,2654
3773,3282
3773,2707
3774,2618
3774,656
3775,3627
3775,1525
3776,3006
3776,2880
3777,1183
3777,805
3778,3524
3778,809
3779,285
3779,1625
3780,1639
3780,1752
3781,311
3781,3640
3782,2858
3782,3394
3783,3456
3783,1177
3784,2030
3784,3416
3785,3648
3785,3643
3786,1358
3786,3920
3787,3740
3787,3233
3788,3575
3788,2941
3789,2461
3789,2287
3790,1326
3790,3521
3791,2081
3791,3260
3792,3721
3792,2030
3793,1688
3793,3726
3794,1008
3794,371
3795,3688
3795,1367
3796,852
3796,2720
3797,2841
3797,333
3798,1256
3798,2845
3799,105
3799,2394
3800,2716
3800,3906
3801,673
3801,3160
3802,1746
3802,3899
3803,3357
3803,1610
3804,3586
3804,896
3805,1083
3805,1480
3806,1413
3806,1228
3807,2579
3807,3641
3808,390
3808,2807
3809,272
3809,2851
3810,3356
3810,2000
3811,1435
3811,3404
3812,3244
3812,1936
3813,890
3813,2497
3814,31
3814,3454
3815,639
3815,2564
3816,1059
3816,2798
3817,355
3817,1682
3818,2853
3818,1697
3819,1857
3819,3430
3820,521
3820,3507
3821,3904
3821,2807
3822,3905
3822,952
3823,1529
3823,2522
3824,1477
3824,1797
3825,2407
3825,2866
3826,3543
3826,102
3827,3819
3827,2892
3828,3193
3828,1129
3829,816
3829,1224
3830,1505
3830,3165
3831,3250
3831,2037
3832,3674
3832,3993
3833,1519
3833,1122
3834,256
3834,1176
3835,235
3835,378
3836,2790
3836,1369
3837,2858
3837,1492
3838,295
3838,726
3839,560
3839,3904
3840,219
3840,1384
3841,911
3841,2413
3842,341
3842,495
3843,743
3843,2880
3844,1753
3844,3913
3845,1102
3845,1732
3846,1482
3846,3526
3847,1501
3847,1551
3848,103
3848,1316
3849,3735
3849,2917
3850,1292
3850,378
3851,3477
3851,3355
3852,2120
3852,3613
3853,1163
3853,3757
3854,3593
3854,2244
3855,1479
3855,1303
3856,1872
3856,1680
3857,2195
3857,151
3858,3298
3858,836
3859,751
3859,1830
3860,3010
3860,2115
3861,2524
3861,1775
3862,2856
3862,390
3863,396
3863,3998
3864,782
3864,3180
3865,1509
3865,2602
3866,3770
3866,2286
3867,2813
3867,3045
3868,3054
3868,1271
3869,2281
3869,1553
3870,2371
3870,1319
3871,1103
3871,2361
3872,1996
3872,1985
3873,1601
3873,2777
3874,362
3874,850
3875,2837
3875,1100
3876,442
3876,2075
3877,612
3877,3730
3878,601
3878,303
3879,2327
3879,2075
3880,1926
3880,3537
3881,215
3881,2036
3882,3848
3882,1892
3883,1959
3883,119
3884,5
3884,3477
3885,3928
3885,3775
3886,1195
3886,1688
3887,2457
3887,1087
3888,2819
3888,3850
3889,1520
3889,2155
3890,3813
3890,2573
3891,187
3891,2604
3892,3606
3892,2969
3893,2206
3893,797
3894,3933
3894,3511
3895,3642
3895,1961
3896,2878
3896,3047
3897,3076
3897,3141
3898,3489
3898,2696
3899,1961
3899,1126
3900,1120
3900,3615
3901,2513
3901,1475
3902,1354
3902,3126
3903,1411
3903,237
3904,1412
3904,3802
3905,3846
3905,3195
3906,743
3906,3881
3907,3082
3907,980
3908,1939
3908,413
3909,1910
3909,3911
3910,282
3910,752
3911,1169
3911,1361
3912,2160
3912,1896
3913,648
3913,3344
3914,312
3914,1950
3915,3100
3915,570
3916,2064
3916,587
3917,2731
3917,731
3918,1957
3918,3941
3919,3444
3919,2844
3920,2170
3920,2950
3921,380
3921,1282
3922,222
3922,558
3923,1174
3923,2170
3924,654
3924,3366
3925,3860
3925,200
3926,3171
3926,3756
3927,2124
3927,2436
3928,3618
3928,3923
3929,2188
3929,683
3930,966
3930,841
3931,1695
3931,685
3932,1429
3932,3057
3933,2784
3933,2783
3934,1515
3934,1989
3935,1457
3935,1589
3936,3791
3936,3299
3937,2422
3937,2764
3938,1835
3938,1610
3939,3875
3939,2524
3940,2531
3940,616
3941,1097
3941,3166
3942,713
3942,1732
3943,1127
3943,672
3944,3058
3944,369
3945,1368
3945,2950
3946,3291
3946,1285
3947,2348
3947,414
3948,1483
3948,1359
3949,813
3949,2332
3950,831
3950,3431
3951,32
3951,2397
3952,932
3952,937
3953,3148
3953,686
3954,328
3954,915
3955,448
3955,1769
3956,601
3956,3607
3957,640
3957,841
3958,1306
3958,421
3959,2207
3959,3979
3960,3505
3960,2772
3961,3122
3961,3903
3962,2560
3962,793
3963,2693
3963,2186
3964,1486
3964,627
3965,1414
3965,252
3966,3744
3966,3700
3967,1095
3967,3691
3968,2591
3968,929
3969,2233
3969,345
3970,280
3970,692
3971,2033
3971,2977
3972,713
3972,3207
3973,3156
3973,952
3974,1300
3974,1832
3975,3460
3975,2846
3976,3152
3976,2565
3977,2927
3977,1542
3978,2383
3978,1179
3979,3329
3979,3342
3980,637
3980,2227
3981,1856
3981,2959
3982,2494
3982,136
3983,2188
3983,472
3984,2044
3984,2811
3985,3262
3985,3448
3986,1232
3986,1641
3987,2684
3987,3835
3988,3342
3988,820
3989,1226
3989,2883
3990,800
3990,3242
3991,3809
3991,603
3992,3215
3992,110
3993,2977
3993,3122
3994,498
3994,1600
3995,2340
3995,1096
3996,2052
3996,3023
3997,2682
3997,1147
3998,3355
3998,618
3999,1507
3999,3517
