0,513
0,619
0,1861
0,701
0,301
1,949
1,1215
1,128
1,1891
1,1973
2,1017
2,366
2,65
2,182
2,614
3,1647
3,1934
3,685
3,1515
3,490
4,619
4,172
4,913
4,1479
4,215
5,1082
5,525
5,1077
5,722
5,1819
6,273
6,1160
6,1059
6,1045
6,1912
7,1695
7,1385
7,1947
7,1590
7,1178
8,386
8,1853
8,1062
8,1696
8,1299
9,400
9,1600
9,1025
9,1676
9,202
10,1896
10,1917
10,1454
10,883
10,1621
11,251
11,276
11,614
11,1628
11,1780
12,1487
12,477
12,1165
12,276
12,124
13,908
13,954
13,1032
13,1209
13,1178
14,1390
14,391
14,524
14,1788
14,334
15,422
15,341
15,1621
15,418
15,482
16,1657
16,930
16,734
16,899
16,516
17,490
17,853
17,1564
17,1696
17,1621
18,759
18,373
18,1394
18,371
18,1061
19,111
19,720
19,1838
19,1309
19,73
20,1773
20,328
20,708
20,597
20,1946
21,491
21,319
21,1378
21,311
21,943
22,439
22,1971
22,1657
22,276
22,349
23,132
23,695
23,280
23,1547
23,301
24,1901
24,198
24,49
24,995
24,1219
25,1766
25,1967
25,1475
25,1676
25,384
26,71
26,523
26,1831
26,1235
26,376
27,1967
27,883
27,1791
27,0
27,923
28,1636
28,47
28,429
28,592
28,602
29,682
29,682
29,1533
29,38
29,1258
30,913
30,220
30,1479
30,1283
30,1747
31,70
31,1715
31,157
31,299
31,1045
32,1306
32,821
32,43
32,876
32,319
33,1507
33,742
33,590
33,598
33,1962
34,441
34,1536
34,680
34,306
34,1591
35,1958
35,917
35,581
35,983
35,1722
36,466
36,432
36,1972
36,752
36,1959
37,833
37,1715
37,1143
37,47
37,934
38,222
38,861
38,1998
38,582
38,580
39,1276
39,922
39,347
39,1380
39,1394
40,1152
40,297
40,1973
40,1352
40,1659
41,476
41,475
41,1292
41,1538
41,602
42,1017
42,1660
42,1752
42,1394
42,658
43,349
43,695
43,523
43,1764
43,1836
44,1146
44,202
44,1009
44,1024
44,725
45,922
45,1891
45,1146
45,466
45,404
46,1575
46,1162
46,1122
46,791
46,914
47,1076
47,1262
47,517
47,875
47,1804
48,874
48,1324
48,927
48,1548
48,1958
49,469
49,424
49,438
49,449
49,497
50,993
50,1914
50,600
50,524
50,977
51,397
51,1643
51,1279
51,1030
51,1026
52,362
52,1557
52,449
52,259
52,1077
53,917
53,1245
53,1910
53,395
53,944
54,699
54,1980
54,1853
54,1132
54,371
55,1808
55,1180
55,1127
55,1086
55,87
56,145
56,1791
56,1151
56,1674
56,1781
57,1895
57,341
57,1119
57,1238
57,1388
58,745
58,1393
58,1933
58,1462
58,948
59,1432
59,1999
59,1999
59,1250
59,1474
60,917
60,922
60,1683
60,431
60,649
61,1497
61,1999
61,375
61,1306
61,1266
62,1110
62,1423
62,513
62,126
62,551
63,1452
63,186
63,1608
63,1890
63,903
64,192
64,1439
64,1940
64,954
64,835
65,1947
65,630
65,1079
65,1918
65,233
66,859
66,663
66,967
66,269
66,1138
67,1099
67,66
67,477
67,1042
67,1815
68,386
68,1478
68,862
68,1260
68,310
69,1946
69,109
69,636
69,317
69,1752
70,1160
70,82
70,1665
70,1184
70,259
71,172
71,1960
71,246
71,482
71,1195
72,439
72,1533
72,797
72,382
72,1388
73,299
73,220
73,1274
73,1122
73,817
74,1797
74,616
74,1492
74,578
74,1180
75,592
75,47
75,1143
75,823
75,0
76,1621
76,936
76,1032
76,404
76,899
77,1967
77,236
77,698
77,1834
77,1672
78,1275
78,42
78,618
78,339
78,126
79,1527
79,1460
79,251
79,162
79,1554
80,81
80,1117
80,1908
80,513
80,1977
81,132
81,1773
81,81
81,861
81,708
82,668
82,1737
82,1853
82,1597
82,1236
83,1223
83,1768
83,750
83,36
83,1874
84,333
84,70
84,162
84,1652
84,248
85,1487
85,1040
85,981
85,763
85,851
86,783
86,468
86,502
86,1883
86,280
87,1998
87,1274
87,1009
87,1325
87,1414
88,833
88,740
88,720
88,155
88,497
89,1384
89,1769
89,1059
89,1590
89,1600
90,1283
90,1752
90,1614
90,1621
90,1089
91,366
91,538
91,1608
91,1962
91,1407
92,1967
92,1918
92,1306
92,386
92,1367
93,1099
93,366
93,282
93,1466
93,81
94,545
94,201
94,128
94,387
94,1746
95,585
95,1046
95,521
95,1455
95,1813
96,1143
96,1460
96,366
96,1537
96,668
97,1479
97,930
97,670
97,1673
97,1324
98,647
98,682
98,1185
98,361
98,967
99,315
99,1715
99,1478
99,1590
99,1052
100,903
100,246
100,1791
100,1672
100,1324
101,921
101,1167
101,601
101,1241
101,879
102,362
102,1428
102,701
102,1143
102,276
103,647
103,1396
103,1312
103,1958
103,236
104,1135
104,1135
104,623
104,921
104,295
105,1423
105,579
105,1621
105,1004
105,802
106,357
106,371
106,482
106,663
106,725
107,983
107,1834
107,1147
107,1071
107,436
108,1628
108,598
108,790
108,910
108,1330
109,474
109,1671
109,1373
109,719
109,201
110,978
110,1472
110,1959
110,376
110,1368
111,139
111,846
111,1661
111,75
111,132
112,569
112,683
112,1665
112,1351
112,308
113,739
113,214
113,502
113,922
113,1032
114,1042
114,1122
114,49
114,956
114,252
115,1306
115,1967
115,307
115,1866
115,1555
116,695
116,1790
116,1439
116,1606
116,1794
117,1633
117,1718
117,27
117,1108
117,194
118,1082
118,1187
118,176
118,1306
118,523
119,1742
119,49
119,102
119,1811
119,725
120,1872
120,1548
120,462
120,614
120,1221
121,620
121,146
121,586
121,1059
121,1488
122,1675
122,669
122,1070
122,1491
122,1757
123,1534
123,831
123,638
123,1442
123,82
124,1855
124,683
124,220
124,461
124,1390
125,157
125,225
125,1938
125,349
125,1111
126,1259
126,1038
126,98
126,1394
126,1855
127,868
127,847
127,431
127,524
127,792
128,1766
128,262
128,550
128,680
128,1707
129,1121
129,293
129,89
129,1235
129,296
130,282
130,975
130,1937
130,1474
130,1730
131,1187
131,409
131,1235
131,1788
131,464
132,487
132,1607
132,810
132,434
132,1229
133,64
133,295
133,1038
133,1908
133,474
134,1822
134,1274
134,1238
134,14
134,1545
135,1124
135,1380
135,656
135,812
135,282
136,514
136,701
136,222
136,233
136,1808
137,1366
137,1450
137,1933
137,1213
137,290
138,1832
138,1809
138,1027
138,1615
138,1414
139,642
139,266
139,1062
139,614
139,502
140,124
140,306
140,1446
140,494
140,953
141,33
141,1457
141,602
141,752
141,1933
142,1502
142,1917
142,556
142,1804
142,686
143,340
143,579
143,1491
143,954
143,516
144,1379
144,1423
144,1298
144,921
144,879
145,371
145,956
145,296
145,502
145,1763
146,1349
146,1791
146,266
146,1171
146,649
147,1378
147,607
147,466
147,506
147,1671
148,647
148,1355
148,1513
148,1407
148,403
149,1291
149,1283
149,1522
149,1920
149,1179
150,1654
150,1149
150,1646
150,156
150,740
151,1471
151,734
151,1977
151,899
151,1246
152,1812
152,1702
152,285
152,858
152,1695
153,578
153,1162
153,815
153,1033
153,802
154,1315
154,1238
154,212
154,1964
154,1436
155,1832
155,885
155,1500
155,1364
155,1513
156,935
156,1955
156,233
156,1132
156,474
157,975
157,526
157,368
157,1436
157,1712
158,1069
158,1059
158,982
158,1815
158,166
159,1563
159,1487
159,640
159,1809
159,695
160,320
160,1510
160,1312
160,1507
160,1662
161,1642
161,1737
161,1042
161,280
161,659
162,1688
162,1061
162,1738
162,1212
162,1590
163,1706
163,174
163,688
163,1377
163,184
164,17
164,890
164,1579
164,485
164,1529
165,724
165,1999
165,1108
165,1670
165,1135
166,1108
166,1471
166,1585
166,754
166,111
167,1990
167,1067
167,1303
167,1946
167,145
168,44
168,242
168,1528
168,1672
168,956
169,280
169,1621
169,1325
169,1704
169,1194
170,1212
170,1374
170,682
170,1938
170,694
171,1472
171,975
171,662
171,430
171,1657
172,586
172,1104
172,1675
172,176
172,1236
173,313
173,797
173,617
173,18
173,1836
174,1674
174,650
174,1404
174,1283
174,861
175,801
175,867
175,734
175,1662
175,773
176,1980
176,1808
176,215
176,1479
176,1711
177,590
177,806
177,1628
177,194
177,614
178,538
178,1228
178,1789
178,219
178,639
179,502
179,1411
179,1035
179,1452
179,1086
180,565
180,1715
180,484
180,1598
180,1057
181,1026
181,879
181,1434
181,271
181,1626
182,1042
182,985
182,431
182,1621
182,320
183,1652
183,227
183,1390
183,1954
183,1187
184,396
184,1819
184,18
184,1804
184,1224
185,880
185,513
185,447
185,160
185,591
186,1739
186,1840
186,139
186,961
186,1480
187,1983
187,1713
187,723
187,1706
187,1162
188,1711
188,408
188,1146
188,1578
188,720
189,1484
189,1927
189,89
189,1527
189,592
190,126
190,677
190,15
190,1747
190,76
191,1059
191,306
191,524
191,1725
191,1364
192,1391
192,84
192,524
192,333
192,1620
193,1112
193,1413
193,1040
193,282
193,1239
194,1229
194,1662
194,233
194,1265
194,408
195,1119
195,52
195,668
195,1891
195,1370
196,1178
196,477
196,194
196,1439
196,1032
197,1223
197,988
197,283
197,466
197,1152
198,1186
198,1381
198,16
198,1228
198,172
199,1033
199,1763
199,1423
199,794
199,1626
200,844
200,862
200,202
200,1474
200,321
201,1695
201,478
201,1916
201,1403
201,1062
202,516
202,833
202,1252
202,449
202,642
203,129
203,1875
203,1977
203,1147
203,695
204,1950
204,1800
204,1068
204,1274
204,1657
205,1035
205,1817
205,1201
205,135
205,259
206,1089
206,1217
206,1810
206,294
206,1570
207,1934
207,269
207,578
207,1358
207,194
208,875
208,1964
208,1224
208,193
208,1283
209,1367
209,961
209,387
209,661
209,693
210,1194
210,1721
210,1234
210,1032
210,175
211,1072
211,1188
211,1004
211,1542
211,1426
212,1916
212,192
212,61
212,906
212,695
213,495
213,695
213,108
213,616
213,1662
214,1581
214,1171
214,570
214,1875
214,923
215,79
215,345
215,172
215,1265
215,1917
216,234
216,1896
216,1791
216,1302
216,408
217,1837
217,233
217,1672
217,1460
217,1029
218,299
218,174
218,850
218,1656
218,1657
219,1128
219,1344
219,1773
219,151
219,1942
220,1689
220,1734
220,220
220,1876
220,76
221,1195
221,1992
221,1826
221,330
221,642
222,103
222,1440
222,1603
222,1204
222,1302
223,591
223,311
223,1781
223,1062
223,759
224,429
224,1272
224,449
224,1099
224,268
225,1209
225,1223
225,48
225,1153
225,1923
226,919
226,1768
226,1787
226,467
226,1241
227,430
227,602
227,1662
227,220
227,783
228,835
228,835
228,614
228,914
228,1011
229,1704
229,1081
229,160
229,466
229,1126
230,1188
230,1052
230,523
230,1759
230,574
231,1250
231,296
231,1665
231,1235
231,481
232,502
232,1212
232,685
232,1706
232,1758
233,1195
233,474
233,162
233,1171
233,172
234,754
234,214
234,1565
234,76
234,1466
235,170
235,247
235,77
235,494
235,386
236,1522
236,890
236,968
236,905
236,1930
237,387
237,1060
237,714
237,1810
237,767
238,1565
238,1887
238,953
238,581
238,851
239,1590
239,1235
239,1752
239,796
239,868
240,98
240,745
240,1223
240,1853
240,1696
241,1511
241,883
241,1730
241,712
241,139
242,951
242,1685
242,1373
242,392
242,1394
243,1794
243,1630
243,427
243,352
243,294
244,1038
244,1527
244,334
244,66
244,888
245,81
245,1147
245,847
245,1662
245,33
246,1548
246,194
246,1487
246,1198
246,789
247,190
247,960
247,1954
247,1306
247,1738
248,80
248,1987
248,178
248,1964
248,44
249,324
249,433
249,273
249,880
249,132
250,2
250,462
250,280
250,282
250,903
251,756
251,1017
251,574
251,932
251,752
252,1403
252,817
252,1186
252,1881
252,1423
253,1628
253,1952
253,502
253,1172
253,1696
254,1621
254,196
254,585
254,476
254,1742
255,1178
255,1665
255,1004
255,1563
255,281
256,534
256,1428
256,1107
256,384
256,1404
257,497
257,1476
257,1595
257,1944
257,1463
258,67
258,791
258,240
258,833
258,723
259,374
259,1844
259,1760
259,1983
259,775
260,1964
260,450
260,119
260,474
260,620
261,1938
261,1894
261,585
261,1394
261,1203
262,1595
262,1921
262,613
262,1704
262,1806
263,1969
263,1853
263,1831
263,629
263,579
264,1745
264,867
264,1650
264,1715
264,126
265,1244
265,324
265,274
265,225
265,1133
266,1032
266,1079
266,720
266,1297
266,1946
267,1695
267,366
267,362
267,330
267,1581
268,441
268,713
268,1110
268,1902
268,1911
269,411
269,150
269,1518
269,1252
269,966
270,23
270,632
270,445
270,1891
270,1003
271,1766
271,491
271,1780
271,1195
271,799
272,912
272,160
272,307
272,1585
272,1259
273,625
273,852
273,763
273,1434
273,1593
274,894
274,3
274,81
274,1934
274,950
275,791
275,1835
275,1228
275,1665
275,479
276,1600
276,1533
276,914
276,1024
276,356
277,103
277,1927
277,1275
277,1711
277,1966
278,1434
278,981
278,1780
278,114
278,201
279,1737
279,1343
279,1298
279,686
279,346
280,642
280,469
280,699
280,91
280,293
281,1764
281,1736
281,789
281,1080
281,750
282,1958
282,1394
282,696
282,996
282,98
283,1049
283,1020
283,1381
283,1511
283,1621
284,1235
284,1780
284,361
284,1492
284,139
285,745
285,1313
285,674
285,287
285,47
286,1896
286,1099
286,111
286,133
286,1283
287,1662
287,1195
287,1229
287,649
287,1807
288,861
288,1498
288,1431
288,1146
288,1840
289,922
289,1380
289,437
289,1313
289,280
290,256
290,417
290,1567
290,297
290,133
291,178
291,720
291,551
291,1146
291,78
292,993
292,668
292,1876
292,327
292,551
293,1439
293,336
293,236
293,967
293,1313
294,937
294,1030
294,844
294,1573
294,726
295,1796
295,277
295,1165
295,695
295,720
296,103
296,1889
296,445
296,1422
296,695
297,493
297,1413
297,595
297,1800
297,1504
298,1933
298,139
298,399
298,669
298,1479
299,299
299,1675
299,368
299,682
299,139
300,1285
300,524
300,495
300,1213
300,501
301,1259
301,890
301,1346
301,1696
301,1912
302,1746
302,18
302,196
302,276
302,695
303,806
303,144
303,160
303,1146
303,296
304,1977
304,86
304,76
304,12
304,1061
305,534
305,534
305,435
305,1647
305,955
306,97
306,1912
306,466
306,1536
306,227
307,1238
307,1707
307,380
307,946
307,783
308,720
308,791
308,1459
308,186
308,411
309,1084
309,913
309,408
309,1695
309,268
310,31
310,414
310,983
310,48
310,870
311,416
311,1075
311,66
311,1941
311,1654
312,1125
312,1888
312,287
312,16
312,77
313,280
313,251
313,1274
313,725
313,1977
314,1414
314,256
314,379
314,620
314,1704
315,345
315,670
315,1935
315,1007
315,1557
316,1540
316,1967
316,778
316,573
316,1625
317,1713
317,1135
317,310
317,1840
317,1632
318,796
318,1983
318,1924
318,1216
318,632
319,909
319,234
319,1955
319,1595
319,1379
320,1089
320,1699
320,1967
320,111
320,1125
321,1135
321,670
321,1306
321,1478
321,323
322,1853
322,925
322,1219
322,1971
322,801
323,1213
323,1870
323,1373
323,1088
323,669
324,615
324,271
324,1140
324,476
324,1938
325,474
325,276
325,1160
325,1844
325,1935
326,1647
326,280
326,457
326,1441
326,1782
327,884
327,1763
327,1492
327,1154
327,1232
328,349
328,23
328,1324
328,299
328,280
329,1163
329,287
329,1964
329,1556
329,1266
330,1247
330,1463
330,1166
330,841
330,1779
331,1939
331,111
331,1128
331,598
331,1187
332,1621
332,921
332,1760
332,1540
332,43
333,890
333,124
333,300
333,861
333,1559
334,1128
334,158
334,821
334,1188
334,1809
335,751
335,609
335,1621
335,1526
335,861
336,593
336,657
336,850
336,789
336,1480
337,474
337,1108
337,246
337,1534
337,1275
338,1881
338,175
338,1815
338,862
338,1727
339,294
339,1389
339,1621
339,1394
339,437
340,1114
340,1368
340,282
340,1687
340,1452
341,814
341,573
341,523
341,1303
341,1444
342,1854
342,1837
342,922
342,1843
342,1546
343,1227
343,1212
343,1399
343,916
343,160
344,186
344,1276
344,1808
344,1746
344,1304
345,330
345,523
345,1574
345,1419
345,1935
346,866
346,1554
346,174
346,1576
346,695
347,1227
347,174
347,424
347,1066
347,770
348,678
348,192
348,182
348,1527
348,1365
349,1707
349,1732
349,186
349,381
349,1621
350,1764
350,1882
350,40
350,839
350,1632
351,857
351,1616
351,1657
351,475
351,33
352,1422
352,1171
352,517
352,1790
352,431
353,956
353,487
353,366
353,1662
353,1478
354,823
354,1467
354,1245
354,1513
354,21
355,614
355,802
355,1627
355,1078
355,1549
356,1665
356,966
356,8
356,1946
356,602
357,34
357,985
357,683
357,1338
357,306
358,759
358,1923
358,1236
358,145
358,1587
359,1227
359,1839
359,1443
359,1801
359,1754
360,115
360,520
360,158
360,1622
360,1271
361,553
361,1927
361,642
361,139
361,1720
362,8
362,1164
362,1162
362,616
362,1947
363,695
363,599
363,477
363,630
363,1106
364,493
364,1245
364,1229
364,155
364,1511
365,1025
365,237
365,835
365,1965
365,1475
366,1478
366,1695
366,1271
366,538
366,1493
367,318
367,1113
367,307
367,1114
367,735
368,590
368,700
368,1804
368,1009
368,629
369,1751
369,944
369,81
369,909
369,501
370,280
370,469
370,1896
370,265
370,1126
371,496
371,1194
371,1354
371,799
371,1725
372,285
372,1809
372,137
372,1834
372,778
373,345
373,39
373,1651
373,1751
373,524
374,756
374,313
374,754
374,671
374,571
375,1128
375,680
375,680
375,1896
375,1434
376,1815
376,1768
376,503
376,1881
376,174
377,333
377,12
377,45
377,330
377,192
378,1234
378,1446
378,610
378,1809
378,325
379,680
379,1048
379,5
379,1557
379,939
380,1721
380,752
380,884
380,1186
380,1969
381,1238
381,578
381,884
381,1717
381,1712
382,1238
382,307
382,585
382,861
382,1109
383,1109
383,487
383,1111
383,1640
383,985
384,454
384,172
384,81
384,1670
384,193
385,1891
385,1443
385,1358
385,1865
385,869
386,409
386,886
386,1783
386,1244
386,1247
387,688
387,1443
387,1300
387,1595
387,1542
388,1135
388,833
388,1038
388,431
388,84
389,1776
389,1909
389,1136
389,1848
389,1030
390,1704
390,42
390,1516
390,77
390,1108
391,66
391,475
391,1916
391,1089
391,1238
392,200
392,1235
392,1647
392,597
392,107
393,896
393,1221
393,1875
393,1725
393,441
394,1711
394,1437
394,182
394,1296
394,1479
395,604
395,371
395,775
395,1826
395,1134
396,349
396,1983
396,1740
396,311
396,1482
397,568
397,1704
397,67
397,1893
397,84
398,929
398,1179
398,524
398,261
398,677
399,1550
399,625
399,806
399,1896
399,160
400,517
400,963
400,557
400,3
400,1939
401,1379
401,1987
401,1665
401,1292
401,718
402,1672
402,1497
402,963
402,1463
402,1041
403,1568
403,321
403,1632
403,362
403,1885
404,361
404,641
404,1131
404,1460
404,573
405,87
405,1628
405,310
405,256
405,82
406,1114
406,1832
406,824
406,44
406,632
407,1987
407,1313
407,965
407,1940
407,1464
408,1308
408,1163
408,1912
408,1662
408,117
409,1806
409,1347
409,120
409,1685
409,192
410,1266
410,285
410,1005
410,1556
410,797
411,1021
411,249
411,1223
411,1347
411,4
412,1559
412,1029
412,1217
412,103
412,783
413,349
413,1978
413,1711
413,284
413,914
414,1766
414,282
414,1581
414,335
414,155
415,1884
415,1167
415,70
415,336
415,1250
416,139
416,686
416,1581
416,1042
416,1166
417,1276
417,1033
417,1563
417,1816
417,1909
418,1815
418,1476
418,1338
418,1743
418,18
419,439
419,246
419,1459
419,759
419,1559
420,1665
420,125
420,1542
420,1487
420,649
421,1600
421,803
421,1471
421,360
421,895
422,546
422,1198
422,1912
422,1292
422,501
423,40
423,1366
423,1338
423,103
423,1059
424,806
424,293
424,1187
424,1460
424,1858
425,29
425,1479
425,306
425,1630
425,1020
426,725
426,965
426,591
426,1163
426,815
427,526
427,1092
427,1245
427,506
427,1353
428,1853
428,685
428,1542
428,246
428,168
429,339
429,879
429,1475
429,1665
429,1306
430,524
430,1149
430,1440
430,1163
430,220
431,648
431,1219
431,1618
431,1474
431,95
432,1600
432,276
432,1032
432,1317
432,1389
433,81
433,205
433,1977
433,1542
433,1336
434,62
434,1763
434,382
434,545
434,373
435,1628
435,796
435,196
435,1862
435,474
436,111
436,1964
436,66
436,653
436,186
437,1685
437,1517
437,815
437,759
437,318
438,1904
438,202
438,328
438,326
438,1794
439,220
439,586
439,695
439,640
439,1622
440,4
440,1511
440,431
440,1506
440,15
441,70
441,879
441,1252
441,1943
441,1732
442,704
442,1757
442,1478
442,286
442,299
443,1524
443,266
443,1152
443,1027
443,1946
444,1702
444,170
444,277
444,227
444,939
445,1683
445,503
445,268
445,749
445,624
446,1306
446,1767
446,1262
446,1088
446,1213
447,843
447,276
447,749
447,1743
447,326
448,1876
448,1732
448,178
448,256
448,1364
449,1995
449,1920
449,959
449,178
449,719
450,1819
450,192
450,1479
450,724
450,1423
451,1355
451,1815
451,1162
451,77
451,806
452,1467
452,1841
452,867
452,1082
452,917
453,1883
453,1035
453,1698
453,86
453,1917
454,1757
454,1757
454,1393
454,668
454,1108
455,315
455,1398
455,977
455,1794
455,1088
456,1037
456,1461
456,791
456,1179
456,515
457,1017
457,1938
457,237
457,1426
457,770
458,1809
458,1352
458,1228
458,344
458,956
459,282
459,1468
459,684
459,1908
459,1046
460,389
460,1883
460,4
460,806
460,1695
461,87
461,956
461,55
461,802
461,1339
462,1868
462,396
462,606
462,1446
462,680
463,299
463,838
463,1967
463,1466
463,1273
464,487
464,464
464,897
464,1082
464,857
465,759
465,439
465,895
465,349
465,1621
466,1928
466,1547
466,43
466,12
466,1542
467,769
467,298
467,841
467,62
467,695
468,756
468,836
468,922
468,1487
468,1394
469,798
469,894
469,373
469,207
469,1766
470,1308
470,1258
470,1239
470,879
470,2
471,310
471,145
471,240
471,1215
471,487
472,1216
472,1327
472,177
472,516
472,1766
473,268
473,1740
473,663
473,441
473,672
474,1283
474,1213
474,1128
474,1836
474,268
475,513
475,1165
475,1507
475,318
475,1620
476,1789
476,1229
476,356
476,1187
476,742
477,1791
477,1786
477,1525
477,97
477,1324
478,695
478,1540
478,1351
478,1492
478,1628
479,263
479,546
479,724
479,114
479,70
480,714
480,802
480,1479
480,1360
480,1149
481,1247
481,1080
481,1954
481,1014
481,762
482,1333
482,162
482,502
482,1151
482,1048
483,1735
483,1248
483,1759
483,763
483,1513
484,1186
484,1951
484,965
484,1128
484,1738
485,1074
485,657
485,1271
485,1290
485,1171
486,1274
486,1732
486,366
486,49
486,320
487,1344
487,1359
487,56
487,963
487,1491
488,1334
488,158
488,111
488,589
488,437
489,347
489,424
489,682
489,1704
489,747
490,1260
490,326
490,49
490,920
490,1187
491,1291
491,474
491,1581
491,1822
491,940
492,712
492,1
492,945
492,1245
492,470
493,476
493,1741
493,422
493,232
493,678
494,672
494,576
494,1874
494,815
494,391
495,708
495,660
495,585
495,400
495,232
496,517
496,80
496,524
496,491
496,409
497,474
497,860
497,1183
497,841
497,1365
498,1283
498,597
498,384
498,1987
498,1037
499,501
499,1094
499,233
499,609
499,618
500,1187
500,140
500,87
500,302
500,700
501,131
501,939
501,388
501,1428
501,1250
502,1461
502,1613
502,1382
502,1746
502,1837
503,1980
503,1114
503,1254
503,1853
503,1851
504,1580
504,1969
504,875
504,1442
504,1238
505,1783
505,1578
505,1786
505,712
505,1450
506,326
506,801
506,186
506,657
506,1470
507,1432
507,925
507,614
507,509
507,1290
508,80
508,86
508,1283
508,1114
508,1297
509,1458
509,466
509,920
509,954
509,282
510,517
510,752
510,1574
510,578
510,1590
511,246
511,310
511,1556
511,1541
511,1150
512,951
512,1938
512,1840
512,1775
512,1146
513,1
513,894
513,1507
513,1513
513,327
514,246
514,66
514,424
514,431
514,616
515,930
515,1223
515,333
515,275
515,589
516,1213
516,1128
516,1594
516,1820
516,306
517,339
517,1919
517,1872
517,99
517,1428
518,139
518,1559
518,1277
518,1443
518,995
519,1932
519,653
519,505
519,1081
519,523
520,1540
520,1740
520,754
520,1017
520,424
521,920
521,315
521,1793
521,146
521,1009
522,815
522,1450
522,1328
522,1796
522,1836
523,1136
523,1791
523,589
523,790
523,1414
524,94
524,314
524,1826
524,1551
524,1886
525,1791
525,276
525,725
525,1492
525,1859
526,125
526,1406
526,576
526,1768
526,623
527,466
527,1864
527,1989
527,1463
527,367
528,501
528,1765
528,1201
528,1433
528,585
529,1364
529,1011
529,520
529,975
529,1131
530,379
530,571
530,1621
530,1656
530,431
531,1960
531,1522
531,1889
531,84
531,1047
532,1548
532,1618
532,418
532,1497
532,1059
533,1086
533,535
533,1279
533,1231
533,514
534,1436
534,26
534,920
534,257
534,144
535,1657
535,1458
535,1474
535,929
535,1477
536,922
536,928
536,487
536,1042
536,683
537,801
537,480
537,1443
537,1474
537,614
538,351
538,1730
538,1156
538,162
538,432
539,158
539,614
539,1744
539,1962
539,470
540,1245
540,1025
540,1652
540,1738
540,294
541,1559
541,685
541,585
541,352
541,162
542,524
542,633
542,824
542,568
542,246
543,1444
543,1967
543,1283
543,657
543,245
544,783
544,886
544,1089
544,1495
544,1082
545,958
545,376
545,582
545,1239
545,431
546,1365
546,793
546,222
546,1030
546,515
547,449
547,1944
547,1755
547,967
547,1456
548,866
548,1437
548,815
548,51
548,688
549,1221
549,1783
549,1374
549,812
549,1830
550,969
550,111
550,256
550,1162
550,965
551,1167
551,502
551,1853
551,372
551,1855
552,384
552,888
552,1373
552,199
552,82
553,1796
553,838
553,1875
553,1939
553,1458
554,1995
554,956
554,923
554,797
554,111
555,150
555,1129
555,403
555,45
555,1368
556,1116
556,1601
556,1302
556,1081
556,1195
557,1185
557,583
557,1439
557,1962
557,934
558,272
558,645
558,314
558,534
558,1227
559,1182
559,1403
559,1199
559,1173
559,1029
560,1946
560,408
560,45
560,595
560,843
561,1358
561,936
561,45
561,1719
561,1046
562,1403
562,1241
562,366
562,331
562,1089
563,1259
563,295
563,55
563,1563
563,524
564,406
564,285
564,703
564,135
564,698
565,1153
565,963
565,297
565,160
565,884
566,1634
566,925
566,1135
566,1964
566,711
567,640
567,995
567,733
567,740
567,1205
568,931
568,758
568,1245
568,741
568,1258
569,5
569,1952
569,578
569,131
569,477
570,1783
570,155
570,1888
570,1450
570,967
571,866
571,1235
571,1718
571,598
571,1042
572,23
572,308
572,1549
572,1919
572,863
573,806
573,1722
573,1598
573,9
573,1520
574,869
574,256
574,788
574,886
574,320
575,749
575,1108
575,1571
575,1404
575,1704
576,1887
576,1235
576,396
576,734
576,1297
577,1534
577,1173
577,54
577,876
577,1250
578,1796
578,1628
578,1390
578,18
578,430
579,357
579,1069
579,1987
579,439
579,1346
580,1437
580,719
580,1853
580,763
580,1620
581,1718
581,1475
581,1959
581,949
581,192
582,485
582,688
582,514
582,796
582,261
583,214
583,409
583,428
583,990
583,1914
584,177
584,1146
584,513
584,606
584,791
585,1981
585,68
585,1059
585,1252
585,472
586,1292
586,1534
586,1577
586,1996
586,1463
587,262
587,1766
587,560
587,307
587,1212
588,1232
588,1231
588,281
588,635
588,1221
589,273
589,1915
589,421
589,82
589,366
590,791
590,525
590,170
590,1176
590,411
591,1854
591,132
591,323
591,923
591,1707
592,658
592,399
592,1874
592,901
592,1368
593,1437
593,1050
593,408
593,1234
593,719
594,1817
594,1702
594,1406
594,1206
594,1476
595,569
595,125
595,1082
595,1711
595,505
596,1586
596,1586
596,368
596,501
596,1475
597,1033
597,1292
597,1394
597,1304
597,894
598,1325
598,242
598,474
598,293
598,249
599,1187
599,1566
599,1238
599,1171
599,1038
600,658
600,687
600,784
600,922
600,1365
601,1099
601,1446
601,569
601,688
601,366
602,300
602,659
602,1756
602,87
602,1656
603,268
603,1706
603,39
603,506
603,603
604,1374
604,1182
604,98
604,1600
604,1146
605,1438
605,256
605,1511
605,858
605,1241
606,1302
606,835
606,817
606,239
606,1683
607,1411
607,1602
607,1601
607,478
607,1365
608,752
608,384
608,1128
608,1647
608,232
609,1141
609,1673
609,759
609,1005
609,449
610,1536
610,845
610,1114
610,1285
610,409
611,1916
611,752
611,750
611,1901
611,33
612,1486
612,1844
612,1621
612,75
612,1715
613,1752
613,79
613,1437
613,1033
613,1252
614,946
614,668
614,467
614,1437
614,1027
615,703
615,904
615,1450
615,345
615,1989
616,433
616,1108
616,1253
616,424
616,1373
617,1127
617,1819
617,1472
617,1808
617,1104
618,76
618,170
618,1628
618,1742
618,1418
619,670
619,374
619,51
619,1781
619,1719
620,945
620,1126
620,386
620,749
620,98
621,437
621,1507
621,127
621,1223
621,312
622,517
622,213
622,523
622,523
622,432
623,1954
623,1911
623,1987
623,1889
623,1148
624,426
624,1657
624,339
624,798
624,1021
625,1536
625,1199
625,251
625,1185
625,1171
626,568
626,1546
626,113
626,1108
626,1856
627,902
627,270
627,1927
627,14
627,1287
628,920
628,429
628,1573
628,506
628,1712
629,70
629,501
629,1728
629,436
629,523
630,526
630,710
630,1568
630,146
630,517
631,1982
631,331
631,1366
631,1016
631,725
632,1719
632,280
632,374
632,1938
632,1225
633,699
633,614
633,1336
633,995
633,867
634,162
634,995
634,1391
634,374
634,1819
635,699
635,1595
635,1025
635,600
635,888
636,1331
636,886
636,602
636,517
636,718
637,1479
637,1977
637,864
637,1125
637,1730
638,1384
638,327
638,695
638,314
638,383
639,409
639,1577
639,1436
639,249
639,516
640,232
640,523
640,1219
640,1718
640,1206
641,1227
641,1059
641,1973
641,1082
641,1788
642,328
642,1542
642,1836
642,186
642,1388
643,747
643,1656
643,1042
643,39
643,975
644,99
644,81
644,830
644,983
644,1731
645,873
645,670
645,799
645,7
645,1707
646,1461
646,620
646,1515
646,310
646,1204
647,1079
647,103
647,1578
647,658
647,880
648,975
648,251
648,713
648,1228
648,852
649,1396
649,1259
649,232
649,392
649,1649
650,538
650,404
650,1290
650,1704
650,1382
651,934
651,315
651,1382
651,1124
651,1860
652,1742
652,1061
652,1163
652,422
652,1746
653,192
653,1542
653,695
653,449
653,1743
654,934
654,1090
654,649
654,1923
654,1502
655,212
655,1809
655,1718
655,1916
655,1201
656,1511
656,1841
656,778
656,202
656,1874
657,277
657,854
657,517
657,162
657,1346
658,1536
658,789
658,1662
658,1647
658,1127
659,313
659,719
659,295
659,1368
659,206
660,1525
660,506
660,1853
660,115
660,1052
661,1672
661,720
661,1781
661,1213
661,1042
662,1367
662,704
662,588
662,1167
662,80
663,1096
663,1463
663,457
663,1732
663,1914
664,1790
664,1724
664,1987
664,487
664,697
665,1600
665,1541
665,1004
665,1718
665,441
666,1434
666,393
666,1480
666,1522
666,1767
667,914
667,1071
667,1086
667,778
667,527
668,1299
668,1616
668,1685
668,1841
668,381
669,409
669,387
669,831
669,521
669,1436
670,571
670,661
670,1325
670,323
670,987
671,1628
671,1025
671,90
671,33
671,1864
672,1125
672,331
672,1718
672,719
672,1813
673,393
673,879
673,81
673,1086
673,1684
674,1025
674,975
674,437
674,1
674,1306
675,658
675,1057
675,988
675,1618
675,445
676,551
676,1804
676,1841
676,412
676,1135
677,682
677,742
677,728
677,424
677,21
678,1539
678,1459
678,1108
678,1977
678,1273
679,925
679,1603
679,1923
679,1491
679,285
680,1911
680,249
680,1259
680,310
680,1757
681,336
681,1365
681,1563
681,841
681,400
682,666
682,1952
682,704
682,182
682,1446
683,1171
683,103
683,515
683,1194
683,754
684,1305
684,174
684,431
684,1421
684,1749
685,1603
685,366
685,429
685,1910
685,424
686,451
686,1108
686,598
686,520
686,576
687,1908
687,1428
687,836
687,1650
687,1754
688,80
688,1647
688,170
688,317
688,1135
689,194
689,1205
689,424
689,1939
689,1343
690,559
690,475
690,1628
690,457
690,1040
691,1128
691,1228
691,259
691,1595
691,1981
692,1662
692,936
692,1962
692,306
692,1195
693,61
693,276
693,276
693,1125
693,598
694,1591
694,1553
694,722
694,1175
694,1590
695,512
695,18
695,955
695,1492
695,236
696,1918
696,145
696,1754
696,721
696,1442
697,182
697,1973
697,1299
697,215
697,8
698,1206
698,233
698,1364
698,1370
698,1631
699,1219
699,1388
699,1028
699,806
699,1137
700,83
700,3
700,150
700,107
700,1040
701,759
701,1605
701,793
701,1514
701,109
702,1206
702,1996
702,1304
702,384
702,1291
703,887
703,954
703,174
703,1912
703,1649
704,14
704,335
704,625
704,1497
704,287
705,183
705,1289
705,1779
705,880
705,1876
706,1349
706,1733
706,1391
706,1537
706,360
707,742
707,1810
707,1618
707,903
707,271
708,1800
708,386
708,1853
708,955
708,72
709,469
709,687
709,1982
709,1077
709,1080
710,27
710,21
710,1606
710,783
710,1793
711,268
711,1378
711,1911
711,576
711,622
712,47
712,36
712,245
712,653
712,1488
713,1201
713,666
713,1987
713,490
713,56
714,1499
714,1387
714,1734
714,946
714,1080
715,806
715,1374
715,1606
715,1032
715,879
716,190
716,405
716,1062
716,570
716,630
717,1590
717,245
717,823
717,432
717,1135
718,146
718,1548
718,1533
718,1467
718,236
719,1746
719,1954
719,893
719,1763
719,503
720,1131
720,1672
720,1212
720,1636
720,1994
721,1630
721,1924
721,34
721,695
721,439
722,630
722,280
722,1283
722,62
722,387
723,1179
723,1817
723,460
723,1946
723,1349
724,170
724,1766
724,850
724,490
724,1992
725,95
725,1074
725,640
725,272
725,282
726,704
726,949
726,1564
726,1266
726,1952
727,438
727,340
727,1313
727,466
727,1745
728,695
728,946
728,1987
728,892
728,787
729,1082
729,75
729,240
729,1128
729,872
730,1992
730,1786
730,672
730,1439
730,1179
731,429
731,268
731,62
731,1850
731,814
732,783
732,439
732,658
732,82
732,1101
733,1804
733,919
733,1149
733,1513
733,1939
734,1844
734,1975
734,534
734,1198
734,672
735,1868
735,1670
735,749
735,1917
735,1912
736,886
736,1893
736,1040
736,1527
736,315
737,1711
737,1366
737,1429
737,1886
737,1238
738,1235
738,1785
738,1409
738,1229
738,824
739,1238
739,1346
739,1851
739,1806
739,1557
740,862
740,344
740,1276
740,1131
740,200
741,40
741,1207
741,371
741,314
741,1454
742,590
742,695
742,824
742,323
742,274
743,78
743,695
743,466
743,665
743,1370
744,536
744,1571
744,846
744,1711
744,1939
745,1959
745,1125
745,1920
745,466
745,1762
746,334
746,642
746,810
746,31
746,469
747,1390
747,1205
747,297
747,1929
747,135
748,331
748,1494
748,1952
748,267
748,208
749,1289
749,1577
749,296
749,688
749,896
750,36
750,503
750,699
750,1365
750,176
751,1187
751,945
751,493
751,132
751,1967
752,1711
752,466
752,62
752,274
752,332
753,958
753,194
753,1964
753,487
753,1996
754,280
754,1497
754,311
754,268
754,680
755,1195
755,282
755,98
755,1926
755,1656
756,324
756,1650
756,306
756,517
756,1853
757,290
757,1763
757,1127
757,718
757,1696
758,1008
758,148
758,280
758,759
758,1187
759,676
759,846
759,1711
759,315
759,683
760,1718
760,1147
760,1292
760,1527
760,1868
761,1908
761,172
761,265
761,70
761,1702
762,1032
762,1746
762,1930
762,177
762,1426
763,1446
763,754
763,569
763,249
763,559
764,145
764,1276
764,1536
764,899
764,1439
765,1806
765,1291
765,1629
765,1143
765,458
766,493
766,1374
766,1865
766,799
766,782
767,1008
767,145
767,1763
767,734
767,952
768,1789
768,1327
768,1056
768,565
768,1172
769,1474
769,921
769,799
769,473
769,1621
770,1403
770,1853
770,13
770,1238
770,1511
771,627
771,314
771,1479
771,1186
771,1171
772,1096
772,1283
772,1685
772,1439
772,205
773,1853
773,1216
773,614
773,158
773,1493
774,863
774,1406
774,432
774,1608
774,1727
775,1656
775,362
775,616
775,512
775,151
776,1474
776,174
776,1248
776,203
776,1370
777,1805
777,1790
777,1706
777,1156
777,1147
778,846
778,1618
778,1945
778,1175
778,346
779,1854
779,1122
779,146
779,1923
779,296
780,1281
780,1887
780,1368
780,1283
780,255
781,1428
781,1403
781,300
781,564
781,1258
782,620
782,1730
782,943
782,80
782,573
783,115
783,953
783,1791
783,620
783,1973
784,713
784,1069
784,1626
784,1635
784,280
785,560
785,1574
785,1540
785,1089
785,873
786,1992
786,1954
786,1665
786,517
786,1273
787,1715
787,36
787,1010
787,922
787,1621
788,220
788,18
788,171
788,865
788,895
789,1273
789,1021
789,1627
789,1049
789,1853
790,1041
790,1574
790,1326
790,1367
790,1998
791,18
791,1089
791,524
791,1114
791,1952
792,1040
792,1687
792,1364
792,1488
792,81
793,1394
793,1662
793,1524
793,1821
793,1715
794,294
794,1116
794,14
794,524
794,876
795,1008
795,1381
795,708
795,1227
795,1452
796,1297
796,336
796,1458
796,1017
796,129
797,1846
797,1008
797,859
797,327
797,598
798,1439
798,534
798,598
798,18
798,474
799,1488
799,698
799,1872
799,1832
799,1235
800,1317
800,280
800,679
800,1479
800,687
801,1681
801,1912
801,917
801,1937
801,1248
802,295
802,585
802,478
802,477
802,1119
803,845
803,1851
803,249
803,1547
803,1182
804,509
804,791
804,1656
804,320
804,600
805,1719
805,1742
805,211
805,1466
805,1578
806,1227
806,1302
806,1068
806,968
806,742
807,431
807,261
807,1890
807,293
807,341
808,714
808,1689
808,266
808,1235
808,1837
809,1740
809,470
809,806
809,1620
809,836
810,1426
810,1272
810,373
810,800
810,1904
811,122
811,1585
811,64
811,1327
811,752
812,524
812,1437
812,691
812,1811
812,1999
813,1108
813,1234
813,532
813,524
813,1394
814,1027
814,222
814,310
814,614
814,815
815,237
815,1832
815,752
815,23
815,84
816,1108
816,314
816,1851
816,1733
816,1025
817,1817
817,1075
817,306
817,1142
817,174
818,1477
818,142
818,839
818,932
818,1202
819,339
819,1937
819,129
819,867
819,922
820,497
820,961
820,1915
820,1005
820,290
821,1423
821,1977
821,1297
821,1535
821,879
822,45
822,1927
822,1763
822,139
822,694
823,1696
823,436
823,469
823,84
823,200
824,725
824,844
824,678
824,1581
824,1872
825,961
825,200
825,708
825,215
825,281
826,939
826,1221
826,1923
826,1909
826,845
827,534
827,1074
827,484
827,1702
827,199
828,439
828,256
828,1378
828,93
828,1680
829,249
829,839
829,333
829,1418
829,660
830,431
830,585
830,534
830,473
830,625
831,111
831,813
831,866
831,1657
831,268
832,103
832,34
832,1732
832,723
832,1413
833,920
833,424
833,524
833,276
833,1119
834,1241
834,1923
834,1128
834,1623
834,1615
835,526
835,451
835,674
835,1869
835,1403
836,1968
836,1238
836,1837
836,513
836,346
837,329
837,614
837,719
837,1368
837,602
838,923
838,564
838,14
838,467
838,1658
839,429
839,1037
839,256
839,1781
839,1917
840,1949
840,1565
840,1968
840,1403
840,758
841,827
841,1120
841,1306
841,1999
841,1527
842,1021
842,751
842,1962
842,520
842,1352
843,1033
843,1725
843,1836
843,1967
843,499
844,1017
844,1992
844,857
844,1411
844,1493
845,435
845,619
845,831
845,1453
845,1672
846,1439
846,421
846,686
846,920
846,1600
847,1299
847,1102
847,1565
847,551
847,1113
848,276
848,177
848,273
848,1436
848,1923
849,177
849,40
849,1764
849,176
849,894
850,294
850,1446
850,1657
850,1507
850,1140
851,1901
851,1891
851,1531
851,855
851,478
852,1977
852,1128
852,290
852,1850
852,1917
853,1238
853,383
853,956
853,1536
853,1472
854,325
854,214
854,1030
854,1672
854,1025
855,1632
855,444
855,1052
855,495
855,465
856,1452
856,970
856,1515
856,246
856,867
857,1840
857,1665
857,1977
857,985
857,847
858,193
858,449
858,935
858,1163
858,386
859,286
859,1375
859,983
859,1344
859,1829
860,70
860,111
860,1990
860,1480
860,585
861,1390
861,1515
861,287
861,135
861,1185
862,1916
862,1442
862,699
862,656
862,386
863,1182
863,861
863,1568
863,181
863,930
864,855
864,1943
864,1338
864,199
864,695
865,104
865,391
865,1303
865,1575
865,1702
866,636
866,657
866,1924
866,1131
866,883
867,843
867,843
867,1855
867,922
867,1370
868,1720
868,1484
868,1511
868,1122
868,1472
869,1195
869,1075
869,293
869,293
869,229
870,967
870,955
870,1135
870,1405
870,800
871,1339
871,435
871,1139
871,281
871,1442
872,600
872,333
872,806
872,585
872,1952
873,1497
873,1406
873,290
873,524
873,750
874,1368
874,1577
874,337
874,861
874,295
875,1283
875,983
875,1621
875,1412
875,1073
876,88
876,1181
876,1317
876,1443
876,376
877,1403
877,1702
877,276
877,1696
877,42
878,474
878,713
878,1325
878,63
878,998
879,967
879,1987
879,1537
879,1620
879,230
880,763
880,1722
880,1742
880,879
880,1035
881,1096
881,1338
881,1403
881,1815
881,999
882,797
882,939
882,620
882,408
882,967
883,1621
883,1179
883,1617
883,769
883,1540
884,1891
884,691
884,1621
884,864
884,1798
885,1879
885,1688
885,1212
885,1069
885,290
886,1176
886,1623
886,438
886,695
886,1657
887,1513
887,68
887,846
887,424
887,1767
888,1157
888,523
888,138
888,1746
888,1016
889,1478
889,1537
889,1320
889,538
889,487
890,1977
890,1564
890,1272
890,1074
890,111
891,1439
891,16
891,1033
891,894
891,1290
892,1533
892,333
892,1704
892,1436
892,1450
893,1479
893,513
893,617
893,824
893,1853
894,1780
894,276
894,181
894,524
894,1674
895,1248
895,51
895,43
895,67
895,1411
896,1395
896,1332
896,145
896,384
896,1796
897,743
897,432
897,1548
897,1765
897,277
898,1800
898,860
898,174
898,1234
898,1672
899,1884
899,326
899,1166
899,1458
899,272
900,431
900,762
900,1821
900,308
900,158
901,205
901,1919
901,498
901,1189
901,1934
902,688
902,1479
902,1819
902,1540
902,1865
903,945
903,612
903,1478
903,720
903,1911
904,466
904,1908
904,850
904,524
904,1399
905,1883
905,1813
905,62
905,1090
905,750
906,1680
906,590
906,1960
906,21
906,1538
907,946
907,922
907,645
907,201
907,1259
908,1236
908,2
908,106
908,1271
908,724
909,1035
909,1152
909,1338
909,833
909,1223
910,380
910,286
910,513
910,1621
910,196
911,1327
911,1404
911,432
911,67
911,583
912,100
912,1119
912,1313
912,1826
912,718
913,1146
913,1706
913,668
913,750
913,1061
914,82
914,24
914,1965
914,1111
914,146
915,486
915,236
915,983
915,1266
915,1694
916,1235
916,678
916,268
916,294
916,1142
917,1806
917,1804
917,577
917,493
917,1174
918,661
918,129
918,1735
918,429
918,909
919,311
919,1958
919,259
919,658
919,695
920,1571
920,1428
920,1569
920,199
920,1404
921,1086
921,1603
921,660
921,533
921,1374
922,839
922,1633
922,391
922,688
922,758
923,286
923,519
923,1817
923,388
923,1403
924,337
924,707
924,1890
924,1705
924,1867
925,1259
925,242
925,1343
925,1436
925,1236
926,1908
926,1766
926,1590
926,1314
926,513
927,1434
927,226
927,936
927,1914
927,1721
928,1137
928,876
928,139
928,642
928,463
929,1148
929,614
929,630
929,1739
929,1089
930,1851
930,585
930,1302
930,1052
930,480
931,888
931,1521
931,615
931,1911
931,1747
932,349
932,568
932,1436
932,1135
932,1715
933,1754
933,1926
933,150
933,1724
933,817
934,1850
934,676
934,1779
934,474
934,1665
935,510
935,1155
935,1404
935,1057
935,515
936,1374
936,141
936,422
936,729
936,965
937,1221
937,1826
937,944
937,591
937,31
938,1463
938,1725
938,958
938,1069
938,100
939,1709
939,521
939,1119
939,517
939,262
940,1235
940,1395
940,683
940,497
940,333
941,1731
941,701
941,237
941,1045
941,1950
942,1794
942,128
942,879
942,806
942,850
943,1394
943,595
943,651
943,1480
943,1171
944,975
944,1748
944,18
944,1557
944,1460
945,1052
945,139
945,1840
945,909
945,1414
946,44
946,614
946,585
946,886
946,649
947,1185
947,799
947,1982
947,966
947,285
948,1994
948,720
948,576
948,322
948,1163
949,1794
949,820
949,1437
949,601
949,811
950,1513
950,695
950,743
950,1051
950,452
951,1511
951,1994
951,1275
951,412
951,1837
952,200
952,578
952,1048
952,568
952,1618
953,1080
953,943
953,362
953,1394
953,1155
954,1763
954,614
954,1082
954,478
954,1025
955,1905
955,861
955,1474
955,222
955,1927
956,129
956,1657
956,469
956,1844
956,1693
957,236
957,1686
957,1749
957,1201
957,1274
958,1403
958,1058
958,1548
958,1442
958,1540
959,294
959,513
959,1621
959,1657
959,993
960,1763
960,1458
960,1581
960,798
960,598
961,685
961,720
961,249
961,1005
961,1359
962,243
962,519
962,1108
962,1460
962,868
963,1511
963,1302
963,1577
963,1238
963,1188
964,1152
964,1143
964,1666
964,1840
964,1011
965,955
965,1533
965,1116
965,939
965,1183
966,946
966,884
966,1406
966,1688
966,311
967,1758
967,313
967,967
967,789
967,309
968,1484
968,1608
968,375
968,345
968,1946
969,584
969,1854
969,368
969,98
969,1502
970,841
970,1987
970,568
970,12
970,1577
971,509
971,888
971,1385
971,1711
971,510
972,56
972,1494
972,1810
972,371
972,1695
973,451
973,585
973,965
973,1507
973,33
974,956
974,251
974,241
974,145
974,1325
975,925
975,486
975,313
975,268
975,1227
976,1464
976,669
976,208
976,1171
976,145
977,233
977,1403
977,491
977,1746
977,27
978,741
978,1620
978,313
978,36
978,1260
979,368
979,695
979,236
979,1629
979,956
980,1507
980,1946
980,1909
980,958
980,558
981,1662
981,641
981,202
981,1928
981,276
982,1472
982,743
982,686
982,274
982,31
983,686
983,1302
983,1489
983,568
983,861
984,1390
984,200
984,868
984,1048
984,1685
985,1817
985,47
985,1777
985,332
985,770
986,573
986,968
986,1213
986,1178
986,925
987,295
987,922
987,1075
987,806
987,1338
988,243
988,311
988,1259
988,883
988,202
989,1983
989,375
989,1807
989,473
989,1826
990,1344
990,1081
990,1860
990,4
990,524
991,1252
991,601
991,62
991,695
991,945
992,1454
992,1830
992,967
992,182
992,513
993,517
993,29
993,435
993,1784
993,1146
994,1169
994,513
994,1144
994,1099
994,400
995,1448
995,1711
995,888
995,311
995,1812
996,4
996,1291
996,744
996,1769
996,280
997,424
997,257
997,1781
997,322
997,1737
998,326
998,61
998,431
998,478
998,1223
999,220
999,192
999,1113
999,824
999,1126
1000,139
1000,395
1000,86
1000,276
1000,476
1001,1022
1001,257
1001,888
1001,699
1001,1689
1002,844
1002,825
1002,682
1002,1597
1002,1459
1003,1940
1003,1711
1003,1212
1003,1437
1003,590
1004,361
1004,699
1004,995
1004,1034
1004,630
1005,437
1005,1912
1005,1527
1005,311
1005,643
1006,1070
1006,1108
1006,349
1006,1299
1006,1731
1007,1990
1007,1440
1007,1662
1007,325
1007,1380
1008,823
1008,1702
1008,921
1008,806
1008,294
1009,160
1009,372
1009,1317
1009,81
1009,1185
1010,937
1010,1670
1010,1387
1010,1407
1010,424
1011,791
1011,1032
1011,158
1011,1438
1011,1715
1012,328
1012,251
1012,1581
1012,932
1012,965
1013,18
1013,630
1013,1621
1013,1155
1013,1760
1014,1060
1014,1223
1014,1089
1014,1569
1014,1657
1015,1790
1015,1464
1015,1235
1015,120
1015,1595
1016,245
1016,1886
1016,25
1016,1411
1016,1557
1017,1930
1017,1092
1017,1574
1017,815
1017,1393
1018,1223
1018,1217
1018,1142
1018,1860
1018,331
1019,713
1019,1755
1019,1573
1019,1813
1019,1649
1020,1825
1020,107
1020,345
1020,268
1020,1040
1021,666
1021,159
1021,139
1021,1376
1021,1428
1022,1394
1022,1437
1022,62
1022,251
1022,590
1023,1456
1023,345
1023,668
1023,357
1023,799
1024,1522
1024,1993
1024,578
1024,1112
1024,880
1025,1511
1025,1060
1025,1763
1025,1567
1025,111
1026,1266
1026,670
1026,1621
1026,675
1026,502
1027,345
1027,1135
1027,581
1027,1975
1027,963
1028,759
1028,1171
1028,464
1028,256
1028,276
1029,658
1029,70
1029,1727
1029,1374
1029,538
1030,1238
1030,1742
1030,87
1030,1478
1030,422
1031,1950
1031,1578
1031,1460
1031,1971
1031,86
1032,1384
1032,1989
1032,362
1032,1391
1032,155
1033,1040
1033,1520
1033,1339
1033,1590
1033,894
1034,1070
1034,1394
1034,747
1034,480
1034,595
1035,804
1035,1107
1035,887
1035,578
1035,1380
1036,107
1036,1751
1036,1475
1036,268
1036,214
1037,1228
1037,4
1037,487
1037,1548
1037,478
1038,1299
1038,1687
1038,220
1038,683
1038,1730
1039,278
1039,1276
1039,55
1039,695
1039,796
1040,862
1040,1600
1040,1380
1040,1841
1040,592
1041,670
1041,1525
1041,640
1041,607
1041,792
1042,546
1042,1442
1042,475
1042,12
1042,526
1043,1038
1043,412
1043,1964
1043,439
1043,1325
1044,214
1044,1292
1044,340
1044,595
1044,739
1045,1301
1045,859
1045,311
1045,636
1045,1245
1046,1557
1046,164
1046,159
1046,1062
1046,1221
1047,1704
1047,1621
1047,997
1047,1153
1047,1229
1048,1983
1048,276
1048,466
1048,1621
1048,809
1049,1614
1049,192
1049,1910
1049,1258
1049,1816
1050,1917
1050,590
1050,1238
1050,310
1050,1216
1051,965
1051,1167
1051,1029
1051,1796
1051,699
1052,1973
1052,386
1052,1022
1052,294
1052,614
1053,1299
1053,1568
1053,752
1053,111
1053,194
1054,1596
1054,851
1054,1987
1054,330
1054,1212
1055,233
1055,1739
1055,1074
1055,1617
1055,1260
1056,382
1056,873
1056,1452
1056,27
1056,1391
1057,90
1057,1987
1057,1540
1057,373
1057,1927
1058,1484
1058,1454
1058,1362
1058,198
1058,1616
1059,676
1059,680
1059,1124
1059,12
1059,1934
1060,670
1060,1438
1060,1694
1060,426
1060,299
1061,362
1061,362
1061,1292
1061,23
1061,573
1062,1490
1062,1442
1062,589
1062,1540
1062,1128
1063,1632
1063,600
1063,1366
1063,21
1063,1815
1064,1680
1064,797
1064,526
1064,1930
1064,1194
1065,1450
1065,399
1065,1796
1065,912
1065,196
1066,1308
1066,1702
1066,1983
1066,399
1066,311
1067,436
1067,48
1067,1000
1067,1443
1067,205
1068,903
1068,769
1068,477
1068,1429
1068,806
1069,1542
1069,642
1069,1306
1069,576
1069,1687
1070,1791
1070,1859
1070,1964
1070,1309
1070,920
1071,1640
1071,1649
1071,436
1071,672
1071,244
1072,515
1072,1479
1072,1696
1072,1921
1072,1764
1073,310
1073,956
1073,67
1073,1056
1073,1082
1074,539
1074,1851
1074,1544
1074,1235
1074,1109
1075,36
1075,220
1075,719
1075,1518
1075,1764
1076,1033
1076,1413
1076,937
1076,1930
1076,903
1077,799
1077,1303
1077,1832
1077,1265
1077,956
1078,719
1078,199
1078,362
1078,1987
1078,49
1079,861
1079,799
1079,831
1079,1275
1079,1902
1080,698
1080,172
1080,742
1080,1241
1080,162
1081,432
1081,1741
1081,466
1081,1944
1081,1722
1082,368
1082,1306
1082,1378
1082,1229
1082,347
1083,946
1083,1752
1083,1439
1083,954
1083,513
1084,429
1084,467
1084,1752
1084,1843
1084,1886
1085,956
1085,1564
1085,1537
1085,1953
1085,18
1086,286
1086,371
1086,1253
1086,1012
1086,1702
1087,311
1087,1872
1087,791
1087,1429
1087,680
1088,199
1088,56
1088,1135
1088,431
1088,179
1089,1683
1089,1407
1089,1494
1089,76
1089,1183
1090,469
1090,1959
1090,1730
1090,833
1090,1656
1091,672
1091,269
1091,317
1091,1133
1091,515
1092,670
1092,1238
1092,89
1092,922
1092,858
1093,1722
1093,1428
1093,602
1093,1643
1093,955
1094,409
1094,1911
1094,1166
1094,1834
1094,501
1095,237
1095,1336
1095,604
1095,1650
1095,1841
1096,1910
1096,70
1096,170
1096,491
1096,1417
1097,1649
1097,625
1097,157
1097,198
1097,1326
1098,1149
1098,469
1098,1109
1098,328
1098,661
1099,1137
1099,299
1099,1784
1099,1593
1099,172
1100,516
1100,1235
1100,1556
1100,1457
1100,1738
1101,720
1101,1367
1101,48
1101,1790
1101,314
1102,40
1102,431
1102,601
1102,754
1102,1049
1103,186
1103,1481
1103,1406
1103,1649
1103,1887
1104,1851
1104,993
1104,1912
1104,473
1104,741
1105,439
1105,1781
1105,51
1105,182
1105,236
1106,1513
1106,806
1106,476
1106,880
1106,1786
1107,199
1107,333
1107,758
1107,1702
1107,970
1108,965
1108,1251
1108,1973
1108,1887
1108,87
1109,1820
1109,1579
1109,256
1109,1585
1109,1567
1110,1840
1110,1094
1110,1952
1110,384
1110,1235
1111,1204
1111,1875
1111,1180
1111,1580
1111,642
1112,1419
1112,115
1112,796
1112,371
1112,1439
1113,200
1113,282
1113,1720
1113,1890
1113,1633
1114,1864
1114,523
1114,1759
1114,578
1114,1527
1115,614
1115,1706
1115,741
1115,1480
1115,1877
1116,1800
1116,1487
1116,403
1116,1759
1116,1656
1117,845
1117,311
1117,1393
1117,1711
1117,115
1118,192
1118,1236
1118,917
1118,1626
1118,406
1119,426
1119,1725
1119,422
1119,1108
1119,484
1120,1654
1120,1503
1120,1720
1120,668
1120,670
1121,1992
1121,782
1121,1185
1121,222
1121,474
1122,1737
1122,1743
1122,1288
1122,1062
1122,1529
1123,1140
1123,585
1123,585
1123,565
1123,324
1124,870
1124,1794
1124,1458
1124,1289
1124,1840
1125,714
1125,516
1125,1660
1125,1513
1125,1384
1126,1488
1126,1366
1126,1021
1126,23
1126,162
1127,274
1127,72
1127,677
1127,1809
1127,432
1128,67
1128,1611
1128,1283
1128,1577
1128,1908
1129,345
1129,1515
1129,1163
1129,412
1129,925
1130,1876
1130,280
1130,685
1130,1522
1130,196
1131,660
1131,376
1131,1122
1131,1229
1131,1299
1132,1102
1132,1260
1132,282
1132,1366
1132,280
1133,170
1133,563
1133,1439
1133,1498
1133,1884
1134,782
1134,526
1134,1865
1134,1819
1134,1923
1135,1789
1135,1137
1135,1454
1135,813
1135,1913
1136,817
1136,1938
1136,1670
1136,1343
1136,173
1137,532
1137,520
1137,471
1137,965
1137,1738
1138,256
1138,262
1138,846
1138,1781
1138,1887
1139,775
1139,1794
1139,90
1139,658
1139,132
1140,1770
1140,314
1140,345
1140,1813
1140,330
1141,759
1141,975
1141,268
1141,1437
1141,1573
1142,564
1142,449
1142,1573
1142,39
1142,1876
1143,1043
1143,227
1143,669
1143,899
1143,1181
1144,695
1144,1247
1144,256
1144,1440
1144,750
1145,477
1145,111
1145,51
1145,510
1145,63
1146,1946
1146,462
1146,1843
1146,1358
1146,600
1147,517
1147,474
1147,1143
1147,1380
1147,668
1148,688
1148,485
1148,467
1148,336
1148,259
1149,114
1149,66
1149,1923
1149,1444
1149,743
1150,1173
1150,1041
1150,1140
1150,1665
1150,611
1151,933
1151,886
1151,686
1151,40
1151,416
1152,1891
1152,34
1152,1926
1152,1966
1152,284
1153,1537
1153,1470
1153,18
1153,1891
1153,290
1154,1747
1154,1561
1154,28
1154,345
1154,1436
1155,1547
1155,1040
1155,1595
1155,538
1155,1675
1156,1179
1156,436
1156,663
1156,1704
1156,281
1157,43
1157,1147
1157,922
1157,1834
1157,431
1158,1005
1158,714
1158,1247
1158,1742
1158,408
1159,1767
1159,1600
1159,583
1159,313
1159,643
1160,75
1160,1508
1160,184
1160,923
1160,442
1161,1513
1161,1248
1161,1965
1161,1152
1161,1252
1162,583
1162,803
1162,464
1162,426
1162,1660
1163,495
1163,208
1163,117
1163,1378
1163,1434
1164,469
1164,1042
1164,1864
1164,382
1164,920
1165,1542
1165,658
1165,765
1165,1649
1165,322
1166,469
1166,28
1166,1643
1166,810
1166,55
1167,1304
1167,1766
1167,1782
1167,466
1167,1423
1168,1101
1168,1391
1168,944
1168,1238
1168,714
1169,1229
1169,656
1169,1591
1169,1273
1169,1394
1170,1572
1170,277
1170,1143
1170,409
1170,391
1171,682
1171,306
1171,1829
1171,180
1171,1727
1172,1320
1172,1119
1172,117
1172,708
1172,700
1173,1897
1173,695
1173,429
1173,526
1173,735
1174,835
1174,1313
1174,1695
1174,1419
1174,1855
1175,1238
1175,1178
1175,386
1175,1600
1175,1426
1176,602
1176,1505
1176,280
1176,1791
1176,1817
1177,1128
1177,280
1177,312
1177,436
1177,956
1178,1417
1178,1548
1178,1431
1178,844
1178,177
1179,1876
1179,1966
1179,562
1179,1780
1179,1618
1180,436
1180,1069
1180,1089
1180,1800
1180,1364
1181,1540
1181,1924
1181,1977
1181,695
1181,336
1182,251
1182,93
1182,791
1182,1711
1182,1989
1183,685
1183,617
1183,965
1183,115
1183,1450
1184,1320
1184,569
1184,411
1184,1987
1184,1809
1185,861
1185,651
1185,1711
1185,919
1185,361
1186,490
1186,295
1186,1540
1186,523
1186,1124
1187,977
1187,1579
1187,351
1187,395
1187,997
1188,258
1188,1394
1188,1274
1188,618
1188,1444
1189,1403
1189,1238
1189,734
1189,1740
1189,517
1190,156
1190,699
1190,487
1190,1062
1190,539
1191,1805
1191,300
1191,714
1191,1094
1191,1452
1192,103
1192,1420
1192,1432
1192,1831
1192,1842
1193,722
1193,1747
1193,345
1193,1928
1193,1252
1194,1059
1194,87
1194,155
1194,68
1194,1452
1195,1128
1195,1251
1195,1443
1195,1746
1195,174
1196,333
1196,457
1196,1757
1196,272
1196,191
1197,524
1197,1912
1197,669
1197,0
1197,1426
1198,118
1198,806
1198,12
1198,349
1198,1927
1199,376
1199,346
1199,621
1199,1987
1199,314
1200,1493
1200,1841
1200,503
1200,287
1200,758
1201,158
1201,1261
1201,1250
1201,1752
1201,485
1202,481
1202,246
1202,710
1202,300
1202,1033
1203,621
1203,1174
1203,1154
1203,1975
1203,160
1204,657
1204,917
1204,457
1204,1983
1204,775
1205,271
1205,676
1205,721
1205,1998
1205,1437
1206,352
1206,1618
1206,1683
1206,1238
1206,1085
1207,922
1207,431
1207,1643
1207,126
1207,1137
1208,1731
1208,681
1208,134
1208,335
1208,43
1209,624
1209,402
1209,243
1209,758
1209,282
1210,1865
1210,18
1210,821
1210,1459
1210,1593
1211,1286
1211,717
1211,331
1211,108
1211,347
1212,1016
1212,290
1212,524
1212,227
1212,1621
1213,1251
1213,583
1213,1089
1213,316
1213,1384
1214,1275
1214,1472
1214,1573
1214,1252
1214,719
1215,1390
1215,1887
1215,70
1215,1099
1215,194
1216,645
1216,1381
1216,1035
1216,310
1216,1406
1217,1691
1217,1901
1217,426
1217,1044
1217,1283
1218,408
1218,1228
1218,799
1218,678
1218,1893
1219,1561
1219,445
1219,1241
1219,1542
1219,987
1220,843
1220,229
1220,1404
1220,192
1220,917
1221,405
1221,1428
1221,714
1221,614
1221,574
1222,280
1222,1927
1222,585
1222,759
1222,978
1223,985
1223,538
1223,1241
1223,1813
1223,1139
1224,1999
1224,1029
1224,1564
1224,1271
1224,1769
1225,1876
1225,1062
1225,1303
1225,509
1225,242
1226,1628
1226,901
1226,335
1226,1252
1226,1128
1227,1622
1227,1551
1227,1957
1227,1715
1227,1493
1228,578
1228,1872
1228,1096
1228,1358
1228,474
1229,1787
1229,1172
1229,1172
1229,1878
1229,1304
1230,970
1230,739
1230,1399
1230,1099
1230,591
1231,1548
1231,1136
1231,326
1231,1770
1231,473
1232,1522
1232,1840
1232,740
1232,920
1232,1244
1233,1518
1233,1442
1233,323
1233,132
1233,1702
1234,850
1234,1688
1234,751
1234,669
1234,505
1235,1027
1235,157
1235,1887
1235,965
1235,516
1236,515
1236,1936
1236,1896
1236,8
1236,353
1237,501
1237,236
1237,1665
1237,495
1237,1308
1238,441
1238,1570
1238,1842
1238,227
1238,1618
1239,608
1239,1411
1239,699
1239,1758
1239,68
1240,1918
1240,311
1240,1443
1240,1052
1240,1497
1241,1901
1241,945
1241,1534
1241,1009
1241,67
1242,838
1242,1901
1242,526
1242,752
1242,754
1243,967
1243,296
1243,830
1243,524
1243,674
1244,361
1244,1953
1244,1964
1244,669
1244,1532
1245,686
1245,1982
1245,1025
1245,857
1245,1600
1246,1841
1246,1573
1246,125
1246,1131
1246,1934
1247,604
1247,1443
1247,1260
1247,308
1247,1661
1248,1082
1248,1958
1248,1815
1248,1830
1248,125
1249,699
1249,1426
1249,1108
1249,759
1249,1734
1250,367
1250,734
1250,1564
1250,1656
1250,1021
1251,1516
1251,1821
1251,1633
1251,539
1251,1077
1252,312
1252,524
1252,1560
1252,251
1252,268
1253,1527
1253,560
1253,1941
1253,680
1253,682
1254,409
1254,724
1254,1497
1254,1302
1254,398
1255,1187
1255,245
1255,1815
1255,345
1255,1096
1256,699
1256,1583
1256,146
1256,556
1256,987
1257,521
1257,1718
1257,1128
1257,768
1257,1725
1258,1737
1258,266
1258,919
1258,1994
1258,1069
1259,1245
1259,119
1259,1958
1259,1404
1259,1917
1260,1832
1260,281
1260,81
1260,1069
1260,1758
1261,796
1261,1419
1261,831
1261,1367
1261,1806
1262,1047
1262,216
1262,1110
1262,642
1262,1094
1263,315
1263,1474
1263,29
1263,1132
1263,824
1264,1578
1264,635
1264,256
1264,894
1264,813
1265,806
1265,1518
1265,1082
1265,1052
1265,930
1266,495
1266,1282
1266,1860
1266,1740
1266,1138
1267,543
1267,1561
1267,1252
1267,1630
1267,750
1268,604
1268,1035
1268,1172
1268,917
1268,955
1269,857
1269,1359
1269,262
1269,939
1269,1927
1270,695
1270,1211
1270,799
1270,1423
1270,409
1271,695
1271,1106
1271,361
1271,699
1271,1722
1272,150
1272,749
1272,1069
1272,879
1272,247
1273,1581
1273,1079
1273,132
1273,246
1273,290
1274,759
1274,619
1274,754
1274,1028
1274,1794
1275,1835
1275,1752
1275,1099
1275,656
1275,1819
1276,1033
1276,1780
1276,1146
1276,809
1276,199
1277,1747
1277,1235
1277,1309
1277,1306
1277,1977
1278,1616
1278,1017
1278,1758
1278,1069
1278,1120
1279,79
1279,775
1279,993
1279,1998
1279,280
1280,1529
1280,1235
1280,328
1280,1384
1280,683
1281,314
1281,1841
1281,361
1281,1047
1281,67
1282,1437
1282,313
1282,736
1282,245
1282,332
1283,48
1283,48
1283,1300
1283,668
1283,1595
1284,290
1284,1414
1284,1934
1284,460
1284,1147
1285,449
1285,1941
1285,299
1285,859
1285,1321
1286,1704
1286,1966
1286,429
1286,669
1286,1365
1287,422
1287,511
1287,582
1287,1135
1287,1384
1288,1781
1288,170
1288,324
1288,669
1288,1977
1289,23
1289,585
1289,845
1289,635
1289,1770
1290,215
1290,1656
1290,1950
1290,1443
1290,178
1291,327
1291,719
1291,715
1291,704
1291,1557
1292,1790
1292,204
1292,599
1292,1597
1292,277
1293,663
1293,1685
1293,630
1293,311
1293,956
1294,475
1294,1143
1294,306
1294,1040
1294,620
1295,114
1295,49
1295,1510
1295,1224
1295,844
1296,699
1296,1797
1296,466
1296,176
1296,176
1297,241
1297,1035
1297,1915
1297,1704
1297,344
1298,1354
1298,1474
1298,215
1298,1238
1298,1924
1299,23
1299,1864
1299,1077
1299,274
1299,921
1300,1733
1300,812
1300,1790
1300,411
1300,282
1301,1071
1301,1040
1301,1227
1301,1870
1301,1735
1302,658
1302,792
1302,970
1302,155
1302,487
1303,1958
1303,226
1303,1864
1303,754
1303,1699
1304,658
1304,751
1304,1195
1304,1304
1304,237
1305,517
1305,1790
1305,719
1305,629
1305,311
1306,604
1306,1413
1306,843
1306,1454
1306,1921
1307,1171
1307,1486
1307,1384
1307,658
1307,857
1308,16
1308,346
1308,1065
1308,1932
1308,744
1309,723
1309,1479
1309,1621
1309,699
1309,333
1310,879
1310,409
1310,1475
1310,524
1310,1831
1311,1024
1311,1077
1311,660
1311,766
1311,1713
1312,510
1312,376
1312,256
1312,1259
1312,1603
1313,1017
1313,1902
1313,1336
1313,906
1313,1933
1314,189
1314,1621
1314,1985
1314,139
1314,703
1315,614
1315,517
1315,817
1315,1899
1315,625
1316,126
1316,69
1316,578
1316,1462
1316,1591
1317,1567
1317,506
1317,1843
1317,883
1317,745
1318,861
1318,1659
1318,1961
1318,1934
1318,401
1319,754
1319,1760
1319,930
1319,1553
1319,1479
1320,1131
1320,403
1320,1688
1320,965
1320,1567
1321,1077
1321,276
1321,714
1321,1179
1321,862
1322,605
1322,1680
1322,293
1322,172
1322,430
1323,1486
1323,870
1323,487
1323,1575
1323,478
1324,516
1324,958
1324,311
1324,1747
1324,1174
1325,194
1325,952
1325,1437
1325,44
1325,1740
1326,296
1326,1466
1326,724
1326,1078
1326,271
1327,650
1327,344
1327,1545
1327,416
1327,94
1328,103
1328,1366
1328,1887
1328,830
1328,917
1329,725
1329,1657
1329,1184
1329,564
1329,1536
1330,743
1330,860
1330,1722
1330,307
1330,1228
1331,1486
1331,843
1331,1853
1331,1841
1331,484
1332,216
1332,1045
1332,87
1332,585
1332,475
1333,162
1333,1119
1333,513
1333,1748
1333,1806
1334,362
1334,1518
1334,1919
1334,513
1334,562
1335,1941
1335,103
1335,738
1335,1727
1335,1166
1336,1904
1336,888
1336,1324
1336,671
1336,625
1337,129
1337,1760
1337,294
1337,395
1337,876
1338,1125
1338,1804
1338,919
1338,754
1338,806
1339,831
1339,1172
1339,767
1339,1343
1339,1324
1340,1047
1340,1819
1340,1129
1340,375
1340,200
1341,149
1341,306
1341,89
1341,517
1341,1274
1342,1381
1342,1219
1342,819
1342,1621
1342,1138
1343,1628
1343,763
1343,470
1343,467
1343,1366
1344,1414
1344,481
1344,742
1344,312
1344,1378
1345,256
1345,211
1345,1049
1345,523
1345,1568
1346,1479
1346,1695
1346,497
1346,157
1346,1193
1347,362
1347,1843
1347,1452
1347,565
1347,512
1348,919
1348,1568
1348,714
1348,1514
1348,366
1349,585
1349,491
1349,1414
1349,469
1349,1507
1350,639
1350,286
1350,921
1350,12
1350,1527
1351,558
1351,132
1351,1924
1351,534
1351,129
1352,1665
1352,1171
1352,225
1352,70
1352,733
1353,41
1353,1182
1353,678
1353,263
1353,498
1354,305
1354,1784
1354,1068
1354,1004
1354,683
1355,1553
1355,579
1355,233
1355,4
1355,1568
1356,1229
1356,336
1356,1474
1356,869
1356,40
1357,241
1357,399
1357,158
1357,672
1357,763
1358,913
1358,349
1358,1021
1358,1630
1358,614
1359,917
1359,836
1359,1747
1359,1341
1359,1958
1360,796
1360,625
1360,1511
1360,1800
1360,1466
1361,1740
1361,175
1361,1880
1361,575
1361,1154
1362,339
1362,564
1362,1270
1362,884
1362,614
1363,1863
1363,1568
1363,382
1363,922
1363,1950
1364,678
1364,259
1364,1945
1364,1701
1364,710
1365,1672
1365,1069
1365,256
1365,310
1365,1521
1366,903
1366,724
1366,799
1366,1734
1366,1699
1367,59
1367,487
1367,362
1367,815
1367,546
1368,922
1368,1665
1368,1078
1368,1702
1368,1035
1369,708
1369,1344
1369,765
1369,1245
1369,1901
1370,1212
1370,1080
1370,1952
1370,630
1370,656
1371,79
1371,1460
1371,268
1371,1527
1371,1548
1372,432
1372,1856
1372,1160
1372,745
1372,1893
1373,1921
1373,419
1373,1228
1373,585
1373,1428
1374,1497
1374,411
1374,199
1374,1529
1374,1422
1375,350
1375,1428
1375,1622
1375,439
1375,3
1376,1227
1376,1059
1376,437
1376,306
1376,1467
1377,965
1377,120
1377,1600
1377,1876
1377,1781
1378,126
1378,87
1378,1249
1378,386
1378,602
1379,1169
1379,1497
1379,477
1379,1444
1379,965
1380,850
1380,1955
1380,497
1380,176
1380,259
1381,1146
1381,384
1381,1807
1381,680
1381,802
1382,506
1382,682
1382,953
1382,538
1382,810
1383,1674
1383,1964
1383,920
1383,1967
1383,386
1384,1536
1384,718
1384,1754
1384,1527
1384,1150
1385,672
1385,1474
1385,1893
1385,534
1385,1077
1386,1125
1386,1734
1386,241
1386,1559
1386,1815
1387,1279
1387,1933
1387,391
1387,905
1387,314
1388,1953
1388,1238
1388,1834
1388,400
1388,983
1389,1438
1389,366
1389,1471
1389,524
1389,503
1390,194
1390,1926
1390,64
1390,1603
1390,1935
1391,80
1391,455
1391,1403
1391,359
1391,1896
1392,1143
1392,827
1392,503
1392,117
1392,1378
1393,1292
1393,532
1393,1219
1393,1944
1393,1781
1394,140
1394,484
1394,1080
1394,859
1394,1006
1395,1203
1395,1917
1395,194
1395,1897
1395,1338
1396,1944
1396,771
1396,278
1396,1711
1396,1394
1397,1475
1397,1812
1397,488
1397,170
1397,416
1398,698
1398,87
1398,247
1398,668
1398,1221
1399,276
1399,1987
1399,502
1399,534
1399,1437
1400,1749
1400,1302
1400,151
1400,749
1400,1275
1401,81
1401,1186
1401,1089
1401,376
1401,409
1402,336
1402,1427
1402,714
1402,599
1402,619
1403,1665
1403,1212
1403,920
1403,582
1403,1687
1404,311
1404,846
1404,939
1404,1822
1404,1250
1405,1159
1405,1134
1405,1708
1405,1114
1405,1700
1406,1916
1406,648
1406,251
1406,1380
1406,1999
1407,1841
1407,1740
1407,852
1407,1829
1407,1035
1408,4
1408,1674
1408,1926
1408,1491
1408,1079
1409,239
1409,642
1409,642
1409,1630
1409,601
1410,1252
1410,1099
1410,1155
1410,383
1410,1834
1411,366
1411,1600
1411,1119
1411,1649
1411,599
1412,1428
1412,750
1412,903
1412,1800
1412,40
1413,267
1413,229
1413,237
1413,185
1413,817
1414,815
1414,268
1414,186
1414,1890
1414,323
1415,1737
1415,672
1415,171
1415,1165
1415,1746
1416,801
1416,103
1416,1689
1416,1715
1416,1706
1417,1114
1417,598
1417,9
1417,369
1417,1977
1418,934
1418,1074
1418,1121
1418,839
1418,1574
1419,1962
1419,1631
1419,708
1419,1238
1419,1110
1420,1855
1420,614
1420,1516
1420,467
1420,1586
1421,1038
1421,836
1421,1086
1421,1270
1421,873
1422,956
1422,285
1422,1110
1422,806
1422,437
1423,403
1423,1042
1423,1618
1423,1423
1423,1099
1424,1947
1424,1135
1424,601
1424,926
1424,1744
1425,1114
1425,62
1425,1915
1425,1618
1425,1621
1426,306
1426,1522
1426,145
1426,1950
1426,1556
1427,192
1427,1171
1427,1466
1427,1470
1427,1407
1428,149
1428,569
1428,1310
1428,1188
1428,1096
1429,966
1429,111
1429,714
1429,831
1429,1313
1430,1471
1430,657
1430,1428
1430,1871
1430,326
1431,306
1431,436
1431,687
1431,1050
1431,497
1432,1151
1432,129
1432,0
1432,1027
1432,919
1433,389
1433,280
1433,1258
1433,1532
1433,1241
1434,109
1434,568
1434,475
1434,1349
1434,1414
1435,340
1435,485
1435,1488
1435,424
1435,192
1436,128
1436,424
1436,466
1436,1254
1436,387
1437,1493
1437,1038
1437,1855
1437,1089
1437,1765
1438,573
1438,1832
1438,1896
1438,1901
1438,1581
1439,201
1439,1513
1439,167
1439,1099
1439,1851
1440,797
1440,1884
1440,1621
1440,1366
1440,987
1441,441
1441,1962
1441,599
1441,1411
1441,176
1442,1715
1442,111
1442,1790
1442,285
1442,811
1443,1477
1443,346
1443,598
1443,469
1443,1479
1444,913
1444,802
1444,1475
1444,411
1444,815
1445,1561
1445,524
1445,1259
1445,651
1445,398
1446,695
1446,1349
1446,765
1446,1217
1446,464
1447,685
1447,725
1447,1436
1447,1642
1447,714
1448,1513
1448,1330
1448,925
1448,1782
1448,875
1449,1543
1449,1360
1449,1111
1449,945
1449,945
1450,1437
1450,345
1450,800
1450,501
1450,366
1451,735
1451,1853
1451,1840
1451,282
1451,1960
1452,513
1452,215
1452,855
1452,77
1452,601
1453,380
1453,476
1453,1747
1453,77
1453,831
1454,1351
1454,1497
1454,326
1454,632
1454,618
1455,1527
1455,1746
1455,1830
1455,1492
1455,1042
1456,179
1456,61
1456,1236
1456,569
1456,327
1457,1926
1457,259
1457,485
1457,595
1457,1788
1458,549
1458,327
1458,551
1458,320
1458,917
1459,493
1459,754
1459,1673
1459,1711
1459,1050
1460,1061
1460,256
1460,466
1460,75
1460,1291
1461,1212
1461,1499
1461,653
1461,181
1461,111
1462,584
1462,476
1462,1679
1462,1707
1462,441
1463,1992
1463,1194
1463,132
1463,1908
1463,466
1464,391
1464,1378
1464,1270
1464,614
1464,42
1465,1711
1465,386
1465,1625
1465,562
1465,1487
1466,714
1466,326
1466,200
1466,1806
1466,1881
1467,714
1467,1127
1467,513
1467,1781
1467,1502
1468,1527
1468,653
1468,857
1468,182
1468,1277
1469,142
1469,847
1469,72
1469,1763
1469,274
1470,75
1470,1403
1470,1118
1470,1672
1470,809
1471,1403
1471,249
1471,371
1471,192
1471,728
1472,1111
1472,1781
1472,699
1472,178
1472,1789
1473,353
1473,1573
1473,1174
1473,1280
1473,815
1474,1479
1474,886
1474,474
1474,1556
1474,601
1475,1384
1475,1292
1475,274
1475,904
1475,1813
1476,783
1476,523
1476,779
1476,962
1476,1479
1477,1848
1477,171
1477,158
1477,183
1477,462
1478,1757
1478,1581
1478,1781
1478,886
1478,1694
1479,280
1479,1473
1479,1527
1479,1235
1479,1288
1480,1212
1480,160
1480,858
1480,121
1480,1426
1481,1478
1481,1649
1481,1423
1481,157
1481,1163
1482,1853
1482,1365
1482,778
1482,1578
1482,23
1483,885
1483,668
1483,1593
1483,1522
1483,1475
1484,1715
1484,778
1484,310
1484,870
1484,569
1485,167
1485,1695
1485,1790
1485,192
1485,524
1486,1706
1486,720
1486,670
1486,83
1486,158
1487,620
1487,1740
1487,276
1487,510
1487,1446
1488,1797
1488,676
1488,1228
1488,1475
1488,1719
1489,95
1489,1099
1489,908
1489,31
1489,1732
1490,186
1490,642
1490,1125
1490,1024
1490,1525
1491,1647
1491,1982
1491,1206
1491,1512
1491,1999
1492,1952
1492,1082
1492,1027
1492,914
1492,977
1493,315
1493,1150
1493,296
1493,1040
1493,739
1494,903
1494,888
1494,1870
1494,1887
1494,1188
1495,1952
1495,308
1495,1765
1495,956
1495,104
1496,1213
1496,426
1496,993
1496,1560
1496,560
1497,299
1497,919
1497,1884
1497,268
1497,813
1498,1702
1498,247
1498,245
1498,1885
1498,879
1499,1771
1499,1568
1499,1718
1499,899
1499,950
1500,167
1500,1815
1500,651
1500,214
1500,839
1501,1977
1501,1423
1501,1027
1501,604
1501,246
1502,1478
1502,653
1502,1806
1502,1423
1502,1875
1503,614
1503,1479
1503,293
1503,82
1503,620
1504,1353
1504,1110
1504,132
1504,9
1504,1082
1505,987
1505,1606
1505,1877
1505,830
1505,369
1506,1881
1506,1163
1506,1127
1506,933
1506,503
1507,466
1507,875
1507,1661
1507,460
1507,1394
1508,592
1508,668
1508,256
1508,1685
1508,1987
1509,890
1509,1135
1509,824
1509,1452
1509,1853
1510,1742
1510,929
1510,1082
1510,1044
1510,76
1511,1672
1511,1033
1511,199
1511,683
1511,513
1512,1740
1512,1574
1512,1135
1512,24
1512,1742
1513,501
1513,1951
1513,202
1513,1108
1513,149
1514,1374
1514,1879
1514,920
1514,1008
1514,656
1515,1853
1515,1127
1515,796
1515,48
1515,783
1516,71
1516,614
1516,268
1516,227
1516,1359
1517,670
1517,679
1517,551
1517,642
1517,1000
1518,1565
1518,272
1518,1373
1518,701
1518,386
1519,1135
1519,485
1519,680
1519,1954
1519,1527
1520,685
1520,734
1520,1195
1520,1029
1520,76
1521,98
1521,194
1521,162
1521,1237
1521,1574
1522,1631
1522,1043
1522,858
1522,1992
1522,672
1523,1310
1523,1169
1523,1432
1523,1518
1523,860
1524,1746
1524,1533
1524,1542
1524,249
1524,1522
1525,1259
1525,51
1525,923
1525,25
1525,988
1526,1021
1526,501
1526,1085
1526,1132
1526,1187
1527,1352
1527,1474
1527,1614
1527,1272
1527,1393
1528,752
1528,374
1528,1942
1528,1880
1528,1929
1529,1786
1529,1882
1529,642
1529,1908
1529,484
1530,880
1530,399
1530,1283
1530,1748
1530,376
1531,1171
1531,1437
1531,1739
1531,276
1531,1695
1532,1758
1532,4
1532,534
1532,888
1532,640
1533,277
1533,1385
1533,1265
1533,587
1533,598
1534,1977
1534,1137
1534,1373
1534,922
1534,67
1535,1700
1535,1881
1535,1241
1535,1215
1535,718
1536,463
1536,777
1536,1403
1536,126
1536,209
1537,1492
1537,1856
1537,1421
1537,139
1537,1739
1538,739
1538,265
1538,1647
1538,1926
1538,274
1539,993
1539,1935
1539,1976
1539,1140
1539,1534
1540,565
1540,729
1540,1195
1540,1853
1540,1962
1541,14
1541,1661
1541,261
1541,724
1541,1755
1542,1538
1542,1442
1542,568
1542,1508
1542,1567
1543,517
1543,1572
1543,1217
1543,170
1543,604
1544,501
1544,1603
1544,1399
1544,1478
1544,756
1545,245
1545,538
1545,1784
1545,15
1545,220
1546,55
1546,1926
1546,1002
1546,955
1546,1661
1547,310
1547,1727
1547,1426
1547,385
1547,1932
1548,1432
1548,303
1548,478
1548,648
1548,707
1549,474
1549,1547
1549,286
1549,890
1549,1314
1550,256
1550,1983
1550,220
1550,1280
1550,1436
1551,714
1551,497
1551,658
1551,1419
1551,306
1552,1432
1552,1614
1552,1210
1552,1493
1552,1195
1553,619
1553,1228
1553,268
1553,91
1553,439
1554,330
1554,1621
1554,374
1554,1831
1554,565
1555,1972
1555,321
1555,1921
1555,806
1555,1138
1556,1573
1556,18
1556,747
1556,577
1556,1554
1557,1742
1557,1367
1557,749
1557,743
1557,1364
1558,1333
1558,282
1558,656
1558,1696
1558,477
1559,1553
1559,1870
1559,879
1559,1458
1559,720
1560,1442
1560,487
1560,491
1560,1662
1560,538
1561,564
1561,1062
1561,1437
1561,1212
1561,806
1562,649
1562,1935
1562,846
1562,1649
1562,1414
1563,668
1563,722
1563,1195
1563,630
1563,1070
1564,1479
1564,1647
1564,965
1564,330
1564,496
1565,174
1565,748
1565,1128
1565,484
1565,1135
1566,1857
1566,534
1566,1467
1566,339
1566,1135
1567,313
1567,627
1567,386
1567,607
1567,1729
1568,1887
1568,1563
1568,600
1568,1790
1568,1068
1569,1935
1569,1746
1569,754
1569,704
1569,432
1570,1760
1570,1884
1570,103
1570,1763
1570,1474
1571,1429
1571,324
1571,361
1571,1781
1571,695
1572,1137
1572,1746
1572,857
1572,1893
1572,437
1573,113
1573,1188
1573,1791
1573,1600
1573,600
1574,613
1574,1017
1574,347
1574,464
1574,182
1575,713
1575,1463
1575,330
1575,1967
1575,1825
1576,139
1576,515
1576,817
1576,1193
1576,1378
1577,1800
1577,604
1577,670
1577,1762
1577,630
1578,1958
1578,439
1578,1556
1578,280
1578,1481
1579,653
1579,1635
1579,362
1579,769
1579,386
1580,67
1580,1592
1580,70
1580,149
1580,1537
1581,1230
1581,1843
1581,316
1581,1657
1581,1378
1582,1419
1582,990
1582,794
1582,1998
1582,653
1583,1235
1583,1964
1583,162
1583,1706
1583,1346
1584,331
1584,33
1584,1279
1584,435
1584,1306
1585,77
1585,1110
1585,1917
1585,843
1585,70
1586,201
1586,936
1586,1463
1586,945
1586,1791
1587,1147
1587,146
1587,1423
1587,934
1587,293
1588,461
1588,1620
1588,1064
1588,759
1588,1182
1589,1487
1589,692
1589,598
1589,294
1589,686
1590,733
1590,1727
1590,1527
1590,300
1590,487
1591,861
1591,565
1591,1592
1591,1146
1591,858
1592,1174
1592,439
1592,575
1592,1781
1592,659
1593,246
1593,1135
1593,1649
1593,1241
1593,659
1594,341
1594,1011
1594,1171
1594,1487
1594,51
1595,1647
1595,202
1595,1738
1595,756
1595,1466
1596,827
1596,802
1596,1732
1596,1626
1596,384
1597,311
1597,474
1597,1739
1597,1581
1597,194
1598,859
1598,1556
1598,885
1598,1332
1598,182
1599,751
1599,366
1599,1212
1599,754
1599,1640
1600,216
1600,1195
1600,19
1600,768
1600,1962
1601,490
1601,261
1601,1553
1601,1508
1601,314
1602,1917
1602,1436
1602,214
1602,1175
1602,1746
1603,1911
1603,490
1603,838
1603,1502
1603,294
1604,1360
1604,1125
1604,597
1604,1603
1604,1657
1605,1912
1605,1730
1605,49
1605,1825
1605,895
1606,1915
1606,538
1606,1832
1606,733
1606,752
1607,786
1607,3
1607,699
1607,1434
1607,1674
1608,1033
1608,1392
1608,944
1608,1227
1608,1280
1609,1438
1609,1311
1609,1805
1609,132
1609,855
1610,1223
1610,585
1610,1464
1610,168
1610,1088
1611,1086
1611,925
1611,199
1611,259
1611,66
1612,1945
1612,1008
1612,1439
1612,1172
1612,719
1613,958
1613,478
1613,1436
1613,1621
1613,1377
1614,490
1614,1379
1614,379
1614,437
1614,831
1615,1631
1615,551
1615,1742
1615,516
1615,708
1616,1475
1616,951
1616,799
1616,718
1616,195
1617,1497
1617,1476
1617,1136
1617,1629
1617,150
1618,920
1618,1467
1618,796
1618,122
1618,1238
1619,1559
1619,1595
1619,1324
1619,4
1619,1452
1620,274
1620,1930
1620,967
1620,768
1620,1621
1621,850
1621,620
1621,431
1621,830
1621,1195
1622,1452
1622,1262
1622,1600
1622,81
1622,194
1623,286
1623,1283
1623,1203
1623,474
1623,311
1624,783
1624,885
1624,199
1624,876
1624,1437
1625,1239
1625,1670
1625,1080
1625,372
1625,879
1626,1770
1626,682
1626,474
1626,63
1626,1437
1627,366
1627,1330
1627,1716
1627,1493
1627,439
1628,1652
1628,191
1628,1404
1628,1815
1628,949
1629,1162
1629,1176
1629,1304
1629,993
1629,282
1630,1826
1630,1666
1630,461
1630,1775
1630,559
1631,192
1631,695
1631,1119
1631,484
1631,225
1632,742
1632,1025
1632,956
1632,294
1632,806
1633,946
1633,33
1633,1259
1633,1990
1633,256
1634,179
1634,1491
1634,861
1634,1428
1634,128
1635,1292
1635,1825
1635,404
1635,1938
1635,859
1636,285
1636,817
1636,1935
1636,1657
1636,585
1637,1527
1637,457
1637,1914
1637,1475
1637,1364
1638,670
1638,52
1638,458
1638,807
1638,789
1639,54
1639,1212
1639,146
1639,1536
1639,506
1640,1533
1640,274
1640,1975
1640,1125
1640,1239
1641,1188
1641,1763
1641,450
1641,806
1641,118
1642,493
1642,219
1642,155
1642,1909
1642,351
1643,632
1643,817
1643,86
1643,449
1643,1507
1644,307
1644,729
1644,326
1644,906
1644,1911
1645,1945
1645,1938
1645,660
1645,429
1645,859
1646,473
1646,1665
1646,157
1646,708
1646,145
1647,466
1647,466
1647,1283
1647,625
1647,577
1648,421
1648,713
1648,1857
1648,1729
1648,424
1649,1987
1649,1390
1649,1933
1649,1474
1649,1379
1650,476
1650,375
1650,236
1650,1142
1650,897
1651,1805
1651,602
1651,269
1651,725
1651,880
1652,1896
1652,670
1652,720
1652,1999
1652,497
1653,534
1653,1493
1653,1643
1653,260
1653,523
1654,958
1654,1679
1654,137
1654,1766
1654,1491
1655,574
1655,1927
1655,759
1655,1417
1655,886
1656,1926
1656,1162
1656,734
1656,1029
1656,1171
1657,473
1657,311
1657,1304
1657,1730
1657,868
1658,1330
1658,276
1658,337
1658,1758
1658,668
1659,1223
1659,1069
1659,965
1659,1136
1659,283
1660,509
1660,880
1660,560
1660,13
1660,1674
1661,1527
1661,1769
1661,1128
1661,1082
1661,1525
1662,1325
1662,1452
1662,103
1662,1446
1662,464
1663,171
1663,538
1663,1717
1663,1683
1663,1413
1664,1404
1664,988
1664,1419
1664,1537
1664,1627
1665,590
1665,590
1665,1033
1665,132
1665,1860
1666,1355
1666,1374
1666,1837
1666,1188
1666,1092
1667,1860
1667,1856
1667,503
1667,1166
1667,695
1668,734
1668,199
1668,352
1668,1178
1668,1513
1669,1513
1669,1320
1669,958
1669,1543
1669,800
1670,1759
1670,1793
1670,102
1670,251
1670,336
1671,1042
1671,1563
1671,1009
1671,135
1671,658
1672,292
1672,331
1672,1702
1672,64
1672,1624
1673,670
1673,1135
1673,82
1673,1788
1673,1723
1674,1391
1674,50
1674,1526
1674,319
1674,804
1675,340
1675,256
1675,280
1675,928
1675,1742
1676,578
1676,1459
1676,1213
1676,1171
1676,277
1677,310
1677,1306
1677,1474
1677,1631
1677,133
1678,1473
1678,523
1678,599
1678,1428
1678,83
1679,330
1679,965
1679,233
1679,1928
1679,75
1680,125
1680,246
1680,713
1680,1742
1680,868
1681,581
1681,290
1681,268
1681,546
1681,816
1682,1814
1682,405
1682,775
1682,1062
1682,1791
1683,1930
1683,1424
1683,1516
1683,1918
1683,1472
1684,97
1684,1326
1684,1999
1684,639
1684,311
1685,65
1685,1924
1685,1548
1685,1559
1685,1230
1686,1077
1686,87
1686,941
1686,274
1686,1032
1687,118
1687,1251
1687,1725
1687,1927
1687,1510
1688,1533
1688,1861
1688,538
1688,1794
1688,478
1689,1505
1689,739
1689,809
1689,1603
1689,1763
1690,108
1690,1167
1690,802
1690,421
1690,422
1691,923
1691,278
1691,576
1691,861
1691,601
1692,1225
1692,333
1692,1476
1692,80
1692,839
1693,862
1693,1807
1693,84
1693,1035
1693,879
1694,939
1694,1137
1694,769
1694,1131
1694,449
1695,90
1695,1434
1695,1213
1695,1808
1695,870
1696,809
1696,904
1696,546
1696,1657
1696,1066
1697,1720
1697,620
1697,1194
1697,1106
1697,789
1698,789
1698,212
1698,1813
1698,103
1698,1996
1699,41
1699,568
1699,982
1699,300
1699,503
1700,1135
1700,51
1700,328
1700,158
1700,1601
1701,49
1701,1059
1701,86
1701,1782
1701,526
1702,1482
1702,1910
1702,932
1702,689
1702,1275
1703,1354
1703,1333
1703,1575
1703,922
1703,1352
1704,487
1704,1062
1704,1987
1704,497
1704,295
1705,239
1705,56
1705,714
1705,1977
1705,585
1706,172
1706,287
1706,259
1706,327
1706,131
1707,1914
1707,517
1707,313
1707,1832
1707,1548
1708,1967
1708,1135
1708,1881
1708,1538
1708,1815
1709,382
1709,1820
1709,725
1709,1362
1709,1574
1710,299
1710,1195
1710,1747
1710,810
1710,1143
1711,1089
1711,1265
1711,1917
1711,1802
1711,1534
1712,975
1712,1657
1712,1152
1712,1238
1712,1967
1713,1027
1713,1779
1713,1935
1713,636
1713,759
1714,1904
1714,1595
1714,963
1714,1120
1714,1731
1715,1228
1715,1493
1715,1478
1715,1349
1715,1708
1716,286
1716,1050
1716,41
1716,202
1716,1603
1717,1621
1717,1597
1717,171
1717,18
1717,1099
1718,1354
1718,682
1718,578
1718,1859
1718,1921
1719,484
1719,457
1719,1711
1719,524
1719,1742
1720,689
1720,642
1720,815
1720,1756
1720,1621
1721,818
1721,1124
1721,341
1721,1503
1721,904
1722,559
1722,76
1722,725
1722,1074
1722,1414
1723,282
1723,1245
1723,1477
1723,1665
1723,1687
1724,956
1724,526
1724,1125
1724,1266
1724,1404
1725,1987
1725,174
1725,1804
1725,578
1725,274
1726,1111
1726,1658
1726,1266
1726,1470
1726,699
1727,1662
1727,1275
1727,274
1727,233
1727,1656
1728,886
1728,36
1728,596
1728,724
1728,952
1729,1665
1729,1152
1729,1040
1729,1850
1729,645
1730,896
1730,1857
1730,1440
1730,1188
1730,1128
1731,93
1731,1472
1731,457
1731,903
1731,1952
1732,695
1732,735
1732,579
1732,614
1732,1061
1733,1082
1733,1009
1733,1384
1733,659
1733,1527
1734,1374
1734,1548
1734,109
1734,850
1734,1251
1735,229
1735,109
1735,574
1735,1024
1735,744
1736,1688
1736,1477
1736,1325
1736,1715
1736,1702
1737,704
1737,1889
1737,132
1737,695
1737,1367
1738,97
1738,345
1738,1884
1738,1479
1738,701
1739,903
1739,1954
1739,1030
1739,1706
1739,1738
1740,1568
1740,256
1740,1632
1740,1306
1740,796
1741,524
1741,1216
1741,661
1741,1527
1741,922
1742,980
1742,439
1742,1099
1742,1343
1742,1887
1743,1786
1743,1681
1743,886
1743,724
1743,1628
1744,1800
1744,236
1744,314
1744,1110
1744,570
1745,312
1745,319
1745,1228
1745,946
1745,1425
1746,1585
1746,328
1746,1117
1746,591
1746,1945
1747,1491
1747,311
1747,422
1747,536
1747,1541
1748,791
1748,1370
1748,759
1748,1004
1748,202
1749,464
1749,87
1749,1829
1749,1662
1749,1155
1750,602
1750,1739
1750,1912
1750,697
1750,1944
1751,1324
1751,332
1751,1194
1751,1573
1751,196
1752,1463
1752,1748
1752,801
1752,1497
1752,82
1753,1156
1753,175
1753,1662
1753,593
1753,1977
1754,869
1754,1042
1754,40
1754,1652
1754,1071
1755,1442
1755,76
1755,669
1755,824
1755,1976
1756,1834
1756,1787
1756,1232
1756,1797
1756,1390
1757,923
1757,395
1757,1399
1757,984
1757,250
1758,667
1758,237
1758,1384
1758,1618
1758,362
1759,645
1759,1999
1759,909
1759,1253
1759,526
1760,1403
1760,1704
1760,1071
1760,838
1760,129
1761,1743
1761,1557
1761,256
1761,1977
1761,769
1762,282
1762,823
1762,614
1762,1306
1762,1452
1763,331
1763,619
1763,680
1763,429
1763,740
1764,481
1764,1022
1764,725
1764,364
1764,227
1765,707
1765,186
1765,1637
1765,1439
1765,105
1766,1252
1766,1734
1766,152
1766,1215
1766,1595
1767,427
1767,1912
1767,946
1767,114
1767,473
1768,1358
1768,616
1768,894
1768,1527
1768,1368
1769,287
1769,1005
1769,1662
1769,813
1769,1188
1770,339
1770,170
1770,1124
1770,1763
1770,1479
1771,1724
1771,993
1771,697
1771,1199
1771,1069
1772,1760
1772,45
1772,311
1772,357
1772,47
1773,660
1773,1370
1773,576
1773,18
1773,718
1774,1439
1774,810
1774,363
1774,477
1774,1706
1775,114
1775,923
1775,14
1775,727
1775,439
1776,734
1776,1055
1776,1125
1776,1212
1776,615
1777,600
1777,725
1777,1432
1777,1042
1777,114
1778,1194
1778,1959
1778,1022
1778,1527
1778,1310
1779,14
1779,1439
1779,981
1779,1038
1779,1187
1780,1040
1780,614
1780,1783
1780,209
1780,1156
1781,1359
1781,1696
1781,1275
1781,714
1781,1556
1782,1391
1782,380
1782,1680
1782,565
1782,408
1783,1434
1783,1850
1783,1320
1783,609
1783,1908
1784,1662
1784,1832
1784,1413
1784,759
1784,1586
1785,1702
1785,246
1785,1373
1785,1082
1785,517
1786,1881
1786,818
1786,1770
1786,620
1786,1479
1787,1272
1787,861
1787,1553
1787,69
1787,1731
1788,1061
1788,1438
1788,67
1788,752
1788,268
1789,215
1789,1764
1789,1704
1789,685
1789,1276
1790,1375
1790,1537
1790,1711
1790,1734
1790,268
1791,595
1791,437
1791,509
1791,1672
1791,1454
1792,1140
1792,81
1792,708
1792,1359
1792,245
1793,1437
1793,1804
1793,695
1793,1035
1793,393
1794,695
1794,1313
1794,1596
1794,1128
1794,688
1795,326
1795,328
1795,694
1795,62
1795,1271
1796,1389
1796,1027
1796,1910
1796,1102
1796,25
1797,98
1797,923
1797,751
1797,1135
1797,830
1798,1374
1798,322
1798,549
1798,1364
1798,1050
1799,256
1799,517
1799,568
1799,546
1799,401
1800,476
1800,487
1800,577
1800,1557
1800,1336
1801,1052
1801,1964
1801,1382
1801,1881
1801,1603
1802,1185
1802,1525
1802,1595
1802,128
1802,18
1803,275
1803,330
1803,1853
1803,734
1803,1705
1804,1561
1804,1520
1804,1032
1804,1171
1804,502
1805,1328
1805,1014
1805,300
1805,546
1805,1108
1806,1187
1806,1223
1806,268
1806,227
1806,642
1807,8
1807,1479
1807,1231
1807,205
1807,740
1808,640
1808,120
1808,752
1808,1403
1808,200
1809,365
1809,1606
1809,237
1809,1810
1809,1413
1810,759
1810,1437
1810,1370
1810,475
1810,921
1811,1949
1811,104
1811,55
1811,1178
1811,1204
1812,1426
1812,542
1812,669
1812,939
1812,1923
1813,1135
1813,103
1813,202
1813,847
1813,1834
1814,1334
1814,497
1814,1032
1814,623
1814,1586
1815,1926
1815,934
1815,685
1815,19
1815,1673
1816,345
1816,653
1816,40
1816,353
1816,276
1817,1926
1817,256
1817,376
1817,66
1817,854
1818,1147
1818,1844
1818,266
1818,1069
1818,43
1819,1621
1819,318
1819,1188
1819,1703
1819,621
1820,899
1820,1713
1820,1045
1820,1733
1820,802
1821,1176
1821,1938
1821,201
1821,699
1821,1962
1822,1244
1822,1404
1822,1512
1822,69
1822,1769
1823,1598
1823,478
1823,1094
1823,1457
1823,56
1824,211
1824,1262
1824,103
1824,1488
1824,1096
1825,1247
1825,1180
1825,220
1825,1052
1825,29
1826,1245
1826,1585
1826,1711
1826,89
1826,951
1827,211
1827,1128
1827,1128
1827,1853
1827,1706
1828,1437
1828,1165
1828,1742
1828,606
1828,1114
1829,466
1829,604
1829,867
1829,1935
1829,421
1830,1998
1830,904
1830,890
1830,723
1830,1977
1831,305
1831,1346
1831,1188
1831,40
1831,467
1832,1962
1832,715
1832,59
1832,1853
1832,725
1833,1324
1833,408
1833,439
1833,341
1833,1070
1834,1670
1834,1947
1834,1059
1834,1597
1834,980
1835,1893
1835,958
1835,1964
1835,475
1835,61
1836,685
1836,889
1836,1299
1836,429
1836,484
1837,23
1837,362
1837,280
1837,1493
1837,1784
1838,422
1838,73
1838,1689
1838,87
1838,1227
1839,1292
1839,1542
1839,1574
1839,860
1839,1518
1840,1426
1840,1224
1840,1954
1840,1813
1840,801
1841,370
1841,293
1841,432
1841,1212
1841,384
1842,1647
1842,4
1842,1423
1842,1423
1842,83
1843,657
1843,509
1843,1498
1843,1556
1843,1131
1844,558
1844,276
1844,340
1844,632
1844,1236
1845,923
1845,676
1845,1711
1845,583
1845,1291
1846,98
1846,1178
1846,810
1846,194
1846,1851
1847,204
1847,295
1847,1140
1847,1304
1847,1689
1848,1843
1848,1195
1848,1390
1848,1619
1848,601
1849,1614
1849,1102
1849,387
1849,1266
1849,1479
1850,1596
1850,789
1850,237
1850,1759
1850,1154
1851,441
1851,661
1851,1819
1851,1501
1851,280
1852,1779
1852,395
1852,585
1852,613
1852,215
1853,1108
1853,1482
1853,1244
1853,923
1853,34
1854,1022
1854,581
1854,285
1854,424
1854,496
1855,1446
1855,1459
1855,145
1855,426
1855,1920
1856,241
1856,815
1856,1404
1856,624
1856,1505
1857,922
1857,251
1857,798
1857,220
1857,642
1858,294
1858,233
1858,1468
1858,623
1858,1654
1859,1374
1859,1941
1859,176
1859,640
1859,641
1860,293
1860,1059
1860,708
1860,525
1860,362
1861,630
1861,461
1861,1551
1861,1225
1861,1394
1862,192
1862,11
1862,1579
1862,1962
1862,1017
1863,276
1863,1930
1863,1513
1863,1343
1863,81
1864,1186
1864,1973
1864,1696
1864,1299
1864,312
1865,1094
1865,294
1865,1195
1865,351
1865,1433
1866,657
1866,1621
1866,1766
1866,719
1866,1494
1867,735
1867,1042
1867,1573
1867,1875
1867,1497
1868,408
1868,469
1868,1809
1868,1119
1868,1603
1869,523
1869,903
1869,246
1869,1767
1869,1441
1870,1927
1870,604
1870,170
1870,1863
1870,1794
1871,1810
1871,1990
1871,1983
1871,1459
1871,1883
1872,326
1872,1898
1872,430
1872,1473
1872,1313
1873,1082
1873,587
1873,175
1873,445
1873,1577
1874,1299
1874,34
1874,1195
1874,1477
1874,362
1875,1885
1875,1354
1875,1432
1875,1235
1875,1665
1876,409
1876,1992
1876,236
1876,1497
1876,1194
1877,995
1877,1570
1877,724
1877,218
1877,1746
1878,1747
1878,855
1878,162
1878,18
1878,40
1879,1511
1879,336
1879,78
1879,385
1879,1987
1880,126
1880,658
1880,1479
1880,1788
1880,520
1881,625
1881,1137
1881,278
1881,1527
1881,1022
1882,493
1882,894
1882,879
1882,1005
1882,1458
1883,474
1883,1280
1883,639
1883,473
1883,1403
1884,401
1884,1419
1884,1590
1884,1394
1884,733
1885,1782
1885,399
1885,251
1885,639
1885,812
1886,859
1886,1618
1886,909
1886,672
1886,625
1887,501
1887,481
1887,923
1887,55
1887,1743
1888,1072
1888,168
1888,669
1888,809
1888,1480
1889,526
1889,1153
1889,138
1889,668
1889,1339
1890,1135
1890,1540
1890,1586
1890,1894
1890,1391
1891,1268
1891,1891
1891,1544
1891,1157
1891,1831
1892,1950
1892,1276
1892,956
1892,382
1892,903
1893,1815
1893,1711
1893,284
1893,485
1893,286
1894,1052
1894,138
1894,331
1894,1326
1894,1135
1895,905
1895,1204
1895,90
1895,1976
1895,1917
1896,1069
1896,946
1896,1638
1896,742
1896,1219
1897,1998
1897,967
1897,1460
1897,430
1897,51
1898,1007
1898,86
1898,469
1898,1101
1898,1905
1899,287
1899,1061
1899,1959
1899,595
1899,1213
1900,936
1900,1187
1900,176
1900,1641
1900,920
1901,75
1901,1734
1901,361
1901,1791
1901,1463
1902,1827
1902,1763
1902,75
1902,1949
1902,256
1903,903
1903,384
1903,1292
1903,196
1903,1614
1904,327
1904,1188
1904,584
1904,934
1904,47
1905,635
1905,1302
1905,447
1905,587
1905,1887
1906,599
1906,1633
1906,1902
1906,1536
1906,240
1907,371
1907,1025
1907,933
1907,282
1907,560
1908,328
1908,471
1908,1178
1908,369
1908,1262
1909,1061
1909,1719
1909,1475
1909,668
1909,1330
1910,1478
1910,598
1910,1235
1910,1649
1910,301
1911,1174
1911,491
1911,1030
1911,875
1911,1954
1912,427
1912,1564
1912,685
1912,273
1912,1081
1913,128
1913,720
1913,743
1913,1324
1913,1194
1914,299
1914,1857
1914,1449
1914,1522
1914,1229
1915,311
1915,176
1915,977
1915,319
1915,306
1916,1953
1916,1135
1916,151
1916,551
1916,1306
1917,1136
1917,745
1917,92
1917,70
1917,1477
1918,1042
1918,1251
1918,119
1918,109
1918,1781
1919,1349
1919,1586
1919,699
1919,739
1919,1143
1920,1702
1920,802
1920,1212
1920,993
1920,287
1921,1577
1921,1737
1921,1077
1921,635
1921,1721
1922,1910
1922,1807
1922,1238
1922,830
1922,1032
1923,1135
1923,1488
1923,33
1923,1841
1923,923
1924,170
1924,87
1924,695
1924,749
1924,1844
1925,1390
1925,982
1925,1016
1925,215
1925,1452
1926,859
1926,1042
1926,1390
1926,1680
1926,1727
1927,1426
1927,176
1927,1030
1927,1443
1927,1815
1928,290
1928,1561
1928,1971
1928,600
1928,1212
1929,1320
1929,256
1929,459
1929,857
1929,63
1930,330
1930,1794
1930,542
1930,756
1930,475
1931,1924
1931,175
1931,1729
1931,1045
1931,751
1932,81
1932,600
1932,251
1932,1712
1932,1111
1933,1545
1933,1754
1933,1463
1933,1814
1933,295
1934,951
1934,1894
1934,1162
1934,181
1934,1313
1935,930
1935,1789
1935,296
1935,1068
1935,468
1936,936
1936,1206
1936,758
1936,451
1936,1969
1937,346
1937,923
1937,1454
1937,1394
1937,1710
1938,1188
1938,1236
1938,66
1938,387
1938,373
1939,161
1939,158
1939,1934
1939,1439
1939,503
1940,125
1940,1251
1940,469
1940,1790
1940,139
1941,308
1941,1804
1941,509
1941,451
1941,1252
1942,1442
1942,534
1942,220
1942,977
1942,1825
1943,720
1943,1672
1943,1440
1943,1276
1943,1275
1944,1968
1944,868
1944,376
1944,1857
1944,290
1945,336
1945,658
1945,1553
1945,1367
1945,911
1946,1702
1946,1027
1946,668
1946,1789
1946,1724
1947,1618
1947,1259
1947,551
1947,1163
1947,1439
1948,1930
1948,246
1948,930
1948,1008
1948,1299
1949,1781
1949,311
1949,380
1949,524
1949,1017
1950,523
1950,1104
1950,1299
1950,802
1950,1541
1951,791
1951,763
1951,276
1951,116
1951,386
1952,1041
1952,1912
1952,1800
1952,1265
1952,687
1953,1796
1953,326
1953,1207
1953,1926
1953,1791
1954,1137
1954,1194
1954,579
1954,256
1954,392
1955,1187
1955,312
1955,779
1955,1286
1955,290
1956,1204
1956,1139
1956,21
1956,1478
1956,1834
1957,36
1957,815
1957,886
1957,1661
1957,1908
1958,350
1958,867
1958,535
1958,1150
1958,256
1959,1026
1959,876
1959,1308
1959,1840
1959,1661
1960,1274
1960,1915
1960,1947
1960,1634
1960,341
1961,1797
1961,146
1961,409
1961,294
1961,1213
1962,55
1962,799
1962,1442
1962,759
1962,1446
1963,1108
1963,1681
1963,759
1963,1883
1963,1560
1964,1104
1964,1205
1964,205
1964,1260
1964,122
1965,23
1965,861
1965,186
1965,1742
1965,1173
1966,846
1966,1696
1966,1486
1966,1187
1966,222
1967,1125
1967,1593
1967,491
1967,812
1967,649
1968,1656
1968,1059
1968,1563
1968,793
1968,175
1969,1436
1969,73
1969,1187
1969,167
1969,1384
1970,1758
1970,1266
1970,1464
1970,1021
1970,1333
1971,31
1971,1781
1971,844
1971,23
1971,589
1972,234
1972,1538
1972,1287
1972,364
1972,67
1973,1426
1973,1476
1973,618
1973,469
1973,215
1974,734
1974,1540
1974,945
1974,1513
1974,1548
1975,1715
1975,484
1975,520
1975,1840
1975,867
1976,509
1976,976
1976,905
1976,1017
1976,1384
1977,1822
1977,478
1977,490
1977,345
1977,170
1978,211
1978,1099
1978,1734
1978,1439
1978,725
1979,768
1979,1915
1979,343
1979,925
1979,775
1980,478
1980,1497
1980,490
1980,403
1980,1366
1981,1232
1981,752
1981,698
1981,1618
1981,1703
1982,1812
1982,703
1982,162
1982,385
1982,1309
1983,1853
1983,188
1983,1574
1983,1497
1983,698
1984,1559
1984,1448
1984,1662
1984,1962
1984,1978
1985,1683
1985,1428
1985,1832
1985,1727
1985,1930
1986,387
1986,181
1986,1898
1986,1360
1986,1418
1987,1367
1987,642
1987,36
1987,1102
1987,1841
1988,1154
1988,1004
1988,1076
1988,1579
1988,745
1989,1627
1989,1585
1989,1806
1989,1313
1989,215
1990,1807
1990,800
1990,1114
1990,162
1990,306
1991,1689
1991,170
1991,743
1991,1005
1991,65
1992,1447
1992,1581
1992,1624
1992,256
1992,1234
1993,1188
1993,1124
1993,939
1993,1413
1993,1274
1994,1195
1994,1413
1994,964
1994,477
1994,635
1995,977
1995,700
1995,160
1995,1365
1995,1976
1996,491
1996,349
1996,1227
1996,50
1996,921
1997,295
1997,194
1997,1472
1997,1378
1997,1542
1998,345
1998,922
1998,1853
1998,1595
1998,946
1999,48
1999,1857
1999,1533
1999,176
1999,921
